0 4452 7571
1 8713 8086
2 917 4200
3 5388 3704
4 2683 4112
5 9835 5751
6 25 6944
7 4443 8810
8 1393 7737
9 2824 4764
10 7763 7031
11 2774 9825
12 3164 7303
13 2749 9263
14 9718 8546
15 3903 3944
16 5828 6596
17 3697 5886
18 8211 4622
19 3934 395
20 7786 9301
21 4496 3872
22 2493 6850
23 3695 1235
24 8896 898
25 8353 2741
26 9400 7133
27 8969 3342
28 2485 928
29 89 1055
30 4840 3616
31 3788 4644
32 2223 7556
33 9269 7436
34 3523 6587
35 6640 2348
36 9327 2993
37 2820 4714
38 3204 746
39 5931 935
40 4062 4175
41 4175 5208
42 2530 9449
43 2862 7902
44 9159 6124
45 2054 5180
46 8088 4571
47 6953 8776
48 8365 377
49 3778 8161
50 9449 4938
51 1416 4030
52 8754 8573
53 6874 8171
54 7181 3688
55 7894 806
56 912 6105
57 3786 8250
58 6890 3331
59 2338 3172
60 8407 1988
61 7903 5936
62 5578 9132
63 214 6190
64 3477 1118
65 5417 5949
66 1150 8246
67 5057 787
68 4518 8382
69 2366 2961
70 1054 2052
71 8892 2343
72 5569 6109
73 7545 6806
74 3706 7948
75 6201 5334
76 2719 4225
77 5890 8818
78 4392 6527
79 7702 5476
80 534 6216
81 4381 1667
82 8835 3770
83 833 2347
84 186 4275
85 7510 6944
86 8244 1595
87 2934 3200
88 9340 2117
89 4952 1950
90 3115 1956
91 4287 8712
92 6141 7752
93 4817 1738
94 685 793
95 7387 3826
96 163 2708
97 9215 9519
98 6154 9900
99 8426 1234
100 9843 9627
101 5393 6709
102 2339 1695
103 858 4131
104 1584 7093
105 7295 411
106 27 1617
107 7421 4613
108 4301 9910
109 6862 8252
110 158 2581
111 3259 3797
112 9657 9746
113 4409 9106
114 9898 4016
115 333 9327
116 7330 5054
117 9925 4779
118 4951 3202
119 3419 4013
120 6348 9427
121 8236 8312
122 3420 3791
123 5065 8407
124 7844 2938
125 5542 507
126 4548 5794
127 2083 1434
128 4927 8564
129 3022 2612
130 6772 6222
131 2881 1603
132 5542 3143
133 2704 7594
134 5865 1935
135 7246 4190
136 3057 5003
137 3287 6344
138 1498 54
139 8064 6315
140 3208 2088
141 5277 4131
142 8861 1134
143 5739 6008
144 9381 4412
145 1756 6220
146 5542 667
147 5420 7260
148 1537 8675
149 8401 4550
150 6348 6605
151 3000 1200
152 4281 5516
153 4966 7710
154 7821 7270
155 3897 9773
156 5177 6445
157 7400 4136
158 7896 6776
159 6142 5392
160 9534 9075
161 743 6504
162 6084 6763
163 525 6113
164 2576 7238
165 2729 2651
166 7984 4912
167 3429 2245
168 9909 4431
169 9786 2298
170 9524 3766
171 9740 2349
172 1454 402
173 3524 1700
174 4466 9863
175 7328 70
176 3331 8114
177 1013 8159
178 7016 264
179 2902 6824
180 4649 4318
181 3938 4204
182 7140 8822
183 7137 3453
184 2915 4531
185 113 8635
186 3972 1982
187 1961 3916
188 5685 728
189 985 9034
190 8749 7713
191 2610 4206
192 9653 9282
193 319 6927
194 474 6953
195 4971 5117
196 9162 473
197 7214 6049
198 6115 8988
199 3321 9601
200 2274 5049
201 6421 5744
202 6148 8546
203 4475 1794
204 157 2852
205 6304 3651
206 4726 4672
207 2159 9776
208 695 5497
209 342 2142
210 1604 5898
211 1472 4955
212 1599 6886
213 3360 3841
214 5988 1373
215 2917 464
216 9923 3085
217 3190 9338
218 735 1125
219 7370 5548
220 7544 2256
221 3643 4999
222 3500 1796
223 1270 1543
224 3098 3562
225 6388 5797
226 3501 777
227 3191 3206
228 7424 8963
229 7814 1996
230 1356 1187
231 118 9219
232 5062 8171
233 1693 9918
234 6556 6793
235 3915 4059
236 4307 7319
237 868 2849
238 215 9490
239 9059 9861
240 1280 8155
241 6167 4798
242 9363 3634
243 4819 6057
244 2585 6628
245 8741 6471
246 8239 9728
247 8445 736
248 3220 4746
249 6469 1824
250 9245 7321
251 1176 5182
252 3984 2719
253 2290 7362
254 6412 9165
255 8710 700
256 9161 54
257 2029 5274
258 1375 2095
259 301 7205
260 4107 8695
261 319 855
262 2024 849
263 9989 1207
264 2289 7899
265 566 2048
266 6065 2862
267 1748 3076
268 742 8403
269 6415 5846
270 5071 3874
271 6747 7119
272 2074 5952
273 9844 8052
274 1880 9573
275 3301 9901
276 5014 7450
277 8704 8268
278 3949 8539
279 3285 37
280 1183 6329
281 3022 6766
282 1614 7837
283 6307 9710
284 1078 5699
285 7040 3638
286 1378 2141
287 3529 4800
288 8944 2405
289 6974 9696
290 6984 6147
291 6154 4042
292 6395 9074
293 5494 7183
294 837 7853
295 2556 8662
296 6346 2196
297 7061 773
298 4264 1584
299 4609 9217
300 432 6386
301 7652 9408
302 4464 5419
303 6406 530
304 1305 4606
305 9569 9945
306 8247 6448
307 3914 9489
308 8035 1591
309 2928 4232
310 9697 2126
311 7495 6610
312 3748 9101
313 4030 3921
314 8942 2837
315 9562 8454
316 2854 2322
317 9618 3481
318 5028 5939
319 7356 7991
320 8510 866
321 1091 833
322 7273 4983
323 648 3848
324 5375 216
325 5930 3067
326 9660 8140
327 7639 7250
328 8377 7262
329 6061 5730
330 2473 1749
331 6584 6085
332 3268 5339
333 2535 9619
334 1313 9779
335 6391 5370
336 2746 2442
337 7396 9624
338 6055 714
339 9206 65
340 7031 134
341 3970 8346
342 7798 441
343 8549 8170
344 7893 3189
345 1456 8639
346 3772 4893
347 2312 6230
348 7087 5955
349 911 640
350 5814 9235
351 1008 7163
352 2832 8480
353 9892 8439
354 73 228
355 6248 1425
356 2174 8345
357 5969 1915
358 3572 8590
359 7550 8454
360 7604 2060
361 1509 8934
362 4676 8978
363 6277 9324
364 7191 4130
365 928 682
366 1429 395
367 1597 9806
368 1983 5972
369 3953 59
370 4897 6785
371 9118 3169
372 7441 2365
373 7674 9654
374 4333 1253
375 2073 9447
376 8019 6882
377 9051 1649
378 276 2889
379 6435 2268
380 2822 795
381 3627 856
382 8936 1531
383 1770 6304
384 432 2219
385 8124 5604
386 5603 2179
387 2189 1240
388 933 7621
389 8961 9549
390 5654 1324
391 6706 5425
392 8262 8277
393 6394 479
394 7856 283
395 2924 1169
396 8635 7275
397 843 5592
398 5294 5794
399 9883 6499
400 7302 7280
401 8551 7054
402 5337 4784
403 8968 8811
404 9048 6288
405 937 8892
406 230 9588
407 3839 6838
408 3955 8194
409 9402 743
410 251 9320
411 4966 6554
412 9661 634
413 6221 3019
414 3461 73
415 8244 1292
416 697 2590
417 5673 8500
418 6925 9966
419 107 5308
420 3111 1176
421 481 9969
422 2143 1873
423 3562 3854
424 4945 3097
425 2448 6383
426 9687 1985
427 5658 3754
428 7849 9151
429 6568 8848
430 1733 6370
431 2171 6816
432 3714 6512
433 6628 2506
434 366 6757
435 7658 9734
436 528 2525
437 7572 6177
438 9363 974
439 471 1225
440 5356 5732
441 6237 8482
442 8031 8685
443 8029 9335
444 6956 3408
445 7788 7773
446 12 5329
447 5629 7503
448 8815 8325
449 1973 9134
450 8356 298
451 4176 7878
452 8839 5423
453 5979 9368
454 9861 1580
455 7013 120
456 2926 8237
457 8463 2177
458 6335 7418
459 3853 3164
460 8382 263
461 3242 4131
462 5127 4354
463 1831 7209
464 7823 2714
465 3285 9589
466 2412 9179
467 1375 210
468 9177 9842
469 3554 584
470 9721 5240
471 277 2551
472 864 9003
473 9331 4226
474 4056 9517
475 6784 5994
476 2173 1367
477 4593 3127
478 8312 4769
479 7068 8717
480 8550 7377
481 730 5741
482 848 1549
483 2502 101
484 1831 1353
485 1328 5158
486 3768 7614
487 7308 9908
488 3609 146
489 6876 2890
490 3806 41
491 3073 6669
492 3154 4817
493 5530 6082
494 2074 7281
495 309 7851
496 8834 2456
497 7048 2361
498 9856 4832
499 8734 4367
500 4772 5893
501 2091 7976
502 8562 3354
503 9684 3782
504 7290 6385
505 3324 4174
506 1132 9949
507 9046 8348
508 894 371
509 2735 5872
510 62 7736
511 582 8229
512 4746 1247
513 6697 7616
514 2128 8964
515 5635 8874
516 4079 1628
517 672 3078
518 3118 2060
519 3912 6473
520 4310 6601
521 6682 2922
522 5341 9412
523 6637 532
524 3461 5271
525 2641 6802
526 2357 249
527 3791 5691
528 8932 9947
529 8872 4532
530 448 6815
531 1023 4409
532 9086 1971
533 7786 9789
534 1030 698
535 9716 1550
536 3819 4390
537 5051 9558
538 7394 7805
539 3110 3954
540 8340 1686
541 7642 5082
542 8886 923
543 6697 789
544 3520 8435
545 2588 3516
546 6952 1139
547 6373 832
548 27 4581
549 3491 4496
550 7848 3950
551 428 3426
552 4980 6391
553 6049 9324
554 9998 7237
555 7345 6538
556 2315 809
557 7367 1560
558 1827 3403
559 3308 3929
560 4369 5653
561 7071 9901
562 5103 9444
563 1176 7456
564 889 6569
565 3891 7742
566 2505 8455
567 6278 7214
568 5484 6530
569 91 8705
570 367 6236
571 814 6363
572 3031 5646
573 2658 2230
574 4083 3695
575 333 3389
576 8060 4416
577 974 4297
578 7551 7424
579 3238 9509
580 2117 259
581 7100 5138
582 2244 6908
583 6958 6911
584 492 5774
585 6820 4262
586 8091 9461
587 3820 4871
588 8606 6120
589 4829 9632
590 5817 8903
591 1949 3618
592 961 6791
593 165 9436
594 3975 381
595 569 6441
596 6102 4949
597 7867 157
598 9078 2421
599 9842 6752
600 7841 6253
601 9100 1380
602 7277 6749
603 5205 1926
604 7197 9668
605 8427 1817
606 5024 7674
607 5712 1956
608 3379 1328
609 5515 9314
610 3043 3467
611 9922 7521
612 146 6330
613 8098 9527
614 9091 3381
615 9747 2722
616 935 848
617 5731 2439
618 9563 7778
619 9186 9038
620 3000 2505
621 5515 6027
622 2708 6915
623 2154 3786
624 3061 7968
625 2836 6742
626 9237 7452
627 8612 3524
628 859 4243
629 8939 2070
630 6907 9837
631 735 3692
632 5364 1734
633 4380 9901
634 65 4573
635 1965 4180
636 9560 2646
637 6691 3386
638 3131 5686
639 199 9353
640 2519 3025
641 7374 9587
642 6408 928
643 7046 5258
644 2308 6190
645 1856 7847
646 2860 2470
647 959 5435
648 3918 4364
649 8697 4494
650 2957 4637
651 6130 5490
652 5286 9275
653 6374 6011
654 2442 9282
655 5687 1491
656 5361 8006
657 8082 6764
658 5802 842
659 4709 6321
660 6461 5280
661 4159 6235
662 6157 829
663 6966 7229
664 5766 2008
665 5872 2168
666 2832 2759
667 4824 3924
668 1701 8799
669 4753 2282
670 9986 7464
671 2397 8095
672 9710 4978
673 4128 2962
674 5023 7151
675 9387 9180
676 6979 62
677 2567 984
678 5687 4680
679 4138 1966
680 5306 2635
681 1357 8349
682 1384 9586
683 7800 7521
684 2633 2131
685 7287 6258
686 3113 9319
687 8577 8575
688 8640 406
689 7190 8820
690 1816 5128
691 1024 9825
692 5482 2596
693 8855 8991
694 6991 2744
695 6466 8776
696 4175 638
697 9856 9459
698 4583 708
699 5069 8273
700 9700 1933
701 7359 601
702 2509 2356
703 325 637
704 2904 351
705 4808 8813
706 6861 5410
707 2666 8851
708 821 4574
709 8725 5161
710 2385 6774
711 6583 4545
712 3022 6147
713 6999 5489
714 3406 5843
715 3448 1702
716 375 1974
717 610 4456
718 8305 615
719 3449 9529
720 9732 4050
721 512 1876
722 3841 1842
723 1576 8638
724 8309 100
725 114 1488
726 3175 9105
727 1027 6298
728 7308 7100
729 7049 4569
730 5277 2597
731 3576 3177
732 7638 8724
733 4440 2408
734 5250 4681
735 5244 5675
736 3052 6445
737 7778 2475
738 6371 6165
739 9113 4846
740 8671 6072
741 8760 4279
742 9435 4229
743 6098 6588
744 5666 3726
745 5626 435
746 7381 9517
747 316 3283
748 8914 4010
749 9003 1840
750 6317 9345
751 2365 5681
752 256 1728
753 7168 7579
754 4420 9672
755 5596 221
756 8359 1723
757 7900 8067
758 5963 9014
759 2174 5963
760 3486 956
761 1763 1055
762 1227 2135
763 6478 8335
764 8498 1011
765 6944 5407
766 4043 4079
767 1746 7134
768 3546 4659
769 6250 3516
770 7616 8599
771 1349 4227
772 7794 6839
773 1390 5916
774 9706 8651
775 5124 3209
776 7812 2536
777 8393 2517
778 9277 801
779 1080 8792
780 2237 9784
781 5217 6237
782 4879 8591
783 5363 680
784 5405 1266
785 2781 3987
786 4644 9041
787 4182 6896
788 539 6029
789 7801 9767
790 514 4128
791 3825 5516
792 6276 2101
793 7279 1907
794 8525 9204
795 9271 6221
796 8879 208
797 4005 2564
798 7883 2641
799 3646 1647
800 9649 8102
801 9547 1570
802 7560 8757
803 518 1888
804 8608 9415
805 6905 5319
806 3740 7957
807 2868 3677
808 69 980
809 668 7936
810 4990 5182
811 76 2647
812 9545 4179
813 1156 4212
814 7017 8089
815 8213 4409
816 2761 8846
817 1900 2222
818 7082 5191
819 2452 20
820 7041 7854
821 2170 4284
822 6485 1277
823 8528 7322
824 8135 9649
825 4770 952
826 1610 7072
827 4884 1169
828 5566 8536
829 1913 5756
830 2222 3530
831 9034 9579
832 139 171
833 2141 9544
834 7543 7868
835 8871 5421
836 4224 8653
837 5277 9868
838 8129 1446
839 3093 3589
840 4336 7962
841 7778 7970
842 5563 8331
843 6252 9834
844 6170 2961
845 8993 5543
846 4920 2485
847 7023 3440
848 9236 2971
849 5797 1694
850 8438 1847
851 8019 4499
852 3926 3800
853 3028 9091
854 1921 9434
855 4318 7535
856 5926 2497
857 2782 7010
858 6806 9520
859 3800 3844
860 7438 9478
861 4371 2745
862 4282 9598
863 2058 7790
864 1530 5668
865 2960 3892
866 4883 7353
867 9990 1752
868 2380 8700
869 7235 4878
870 2889 640
871 7471 4758
872 2701 1186
873 8212 1868
874 2204 7914
875 7458 8309
876 2803 8401
877 3174 533
878 2752 428
879 6040 9550
880 5461 2719
881 4900 6425
882 1415 9564
883 1428 82
884 2164 3729
885 6152 3301
886 2753 7871
887 6635 5566
888 7134 7747
889 9154 2632
890 7580 3402
891 9328 2210
892 2579 9915
893 5341 1782
894 6822 8131
895 28 5844
896 3579 945
897 9724 3566
898 1900 4139
899 2143 3065
900 139 8562
901 4085 327
902 2016 2205
903 2897 9423
904 2484 845
905 5702 2674
906 1205 8379
907 3616 8724
908 2100 8440
909 4708 367
910 4053 266
911 6852 4995
912 2129 4466
913 7298 7711
914 7244 1210
915 6308 6404
916 9751 3912
917 2396 2966
918 9382 949
919 1407 433
920 1302 7781
921 7517 556
922 3802 2277
923 7770 3908
924 9554 2729
925 7599 530
926 6994 8361
927 4558 724
928 1382 5804
929 5623 7707
930 8338 2676
931 3775 6834
932 439 4977
933 277 7745
934 5109 7080
935 1786 8265
936 145 1496
937 1109 1311
938 7726 4169
939 3245 2133
940 326 4718
941 4019 9589
942 7107 9893
943 1320 6393
944 2081 6499
945 7100 4062
946 77 9293
947 9447 1377
948 3705 4799
949 7190 110
950 4403 1784
951 6054 8980
952 639 908
953 5281 9651
954 6389 9958
955 3781 7361
956 3857 9051
957 1386 393
958 4733 7398
959 9050 9912
960 3607 368
961 1962 4548
962 5901 9848
963 8814 377
964 5961 1955
965 8395 3843
966 2464 7687
967 2691 4715
968 9368 1025
969 5334 9471
970 775 3400
971 2629 2856
972 9287 8981
973 8122 8411
974 3227 7611
975 2751 2706
976 3936 8430
977 6992 8739
978 3751 3405
979 5495 194
980 348 3464
981 2544 2940
982 9465 6113
983 3185 9612
984 5905 4012
985 3678 1715
986 1816 4310
987 6629 119
988 200 3034
989 7619 8846
990 7859 3228
991 3967 659
992 7060 8052
993 3837 289
994 1587 5634
995 5258 4110
996 3999 5165
997 1108 8412
998 9933 4809
999 8336 5107