0 8269 7766
1 5654 8761
2 6194 153
3 5263 4057
4 8215 8252
5 3628 794
6 5207 8406
7 5194 5446
8 3038 6775
9 5859 4606
10 2265 7943
11 6844 3477
12 8389 7386
13 8175 1426
14 9074 7455
15 9413 9762
16 9110 4160
17 8697 9399
18 5474 5607
19 6580 1101
20 4308 5113
21 2689 8877
22 5746 6565
23 8791 6518
24 7952 9373
25 3566 589
26 7607 6209
27 2361 3874
28 6834 4254
29 8205 7477
30 7226 3308
31 3674 3285
32 9853 6823
33 1740 7297
34 5468 6751
35 9799 7180
36 65 3888
37 6953 6006
38 5303 2170
39 9579 8181
40 7837 6809
41 3882 2953
42 9046 6018
43 8592 304
44 9973 7445
45 4934 5953
46 2242 2206
47 5184 6572
48 5089 6501
49 322 6208
50 9344 9862
51 9282 9668
52 9375 7327
53 9074 7626
54 1750 343
55 9654 9563
56 6337 1293
57 5730 8948
58 7975 2535
59 7007 3217
60 2049 6724
61 5663 6139
62 7219 3938
63 3324 8271
64 4796 2267
65 147 9421
66 1165 2846
67 8224 7614
68 9749 4332
69 8927 7573
70 1981 3812
71 8173 3339
72 5242 1531
73 9287 8960
74 579 918
75 1270 9677
76 3463 8172
77 6360 603
78 3496 9216
79 2630 5407
80 8222 9832
81 8573 9877
82 4610 4404
83 8242 7408
84 112 4250
85 9587 1549
86 5967 8814
87 6858 1353
88 3715 4645
89 7486 8527
90 6469 3952
91 4951 4957
92 2027 7356
93 818 7866
94 2357 446
95 6474 8622
96 2225 6884
97 9074 6263
98 8562 6861
99 1824 7861
100 4446 6499
101 6005 9412
102 9728 2628
103 2013 2660
104 7267 453
105 736 2197
106 7747 9142
107 4583 6011
108 7897 1989
109 5715 7832
110 492 8754
111 7603 2265
112 5380 2009
113 1988 9302
114 9523 7575
115 8913 720
116 2805 8716
117 1472 1687
118 5925 9606
119 3123 5415
120 500 9729
121 6531 1982
122 7659 1761
123 2403 8135
124 9800 6939
125 1711 9392
126 2677 9677
127 7496 9604
128 4098 7674
129 2445 2604
130 4144 4319
131 7436 5754
132 4952 1743
133 9831 4018
134 9829 1166
135 2779 615
136 6595 8220
137 1900 5534
138 221 2168
139 3881 5701
140 2619 9321
141 4403 2369
142 5517 3499
143 6160 908
144 196 6442
145 2970 5621
146 6486 2843
147 668 1751
148 4564 5857
149 4323 8414
150 9654 238
151 9392 6625
152 7684 1411
153 4458 8730
154 4051 4929
155 7110 494
156 9037 2518
157 3937 5250
158 7018 8383
159 9990 3026
160 1319 2560
161 4040 1004
162 8438 8662
163 782 8242
164 7015 39
165 535 2615
166 5202 5799
167 1321 3133
168 4204 4863
169 3173 9113
170 8919 7107
171 2775 5524
172 2262 2515
173 4394 9501
174 6370 3780
175 7158 160
176 2066 2634
177 4767 8038
178 9525 9050
179 2080 1850
180 9257 8916
181 3471 2114
182 2762 8356
183 6156 1370
184 5760 6861
185 3468 8966
186 794 6441
187 8795 6535
188 6506 2990
189 4483 4777
190 1771 6293
191 9293 3615
192 9951 1532
193 3772 7423
194 5391 8013
195 4151 1968
196 3793 5971
197 7245 7801
198 9729 6510
199 679 9767
200 7089 6435
201 6164 5734
202 4471 5946
203 3123 5165
204 5531 3006
205 5291 2393
206 3026 2740
207 9371 9821
208 9382 9971
209 6539 5189
210 5727 7118
211 283 2393
212 9628 7606
213 8812 1011
214 6437 3480
215 8716 3173
216 9995 8480
217 2207 2636
218 8010 9208
219 4223 3288
220 8796 2990
221 5285 4512
222 8480 5668
223 101 8310
224 7334 8187
225 6257 5979
226 8464 5202
227 2913 9185
228 6968 3326
229 1517 1292
230 9134 7594
231 6381 7255
232 1878 4376
233 4498 4930
234 3322 6967
235 7396 3151
236 4322 6686
237 7138 1822
238 7022 4525
239 4138 6226
240 281 2316
241 5858 8896
242 2820 2554
243 1774 5664
244 5575 5981
245 3872 7005
246 8109 4895
247 5843 9854
248 4625 8070
249 5067 5412
250 2401 2028
251 1982 5167
252 6786 3263
253 3106 2229
254 6514 7995
255 9403 6695
256 1027 3708
257 7222 616
258 751 9266
259 3422 6407
260 4586 2243
261 6480 8333
262 5398 3647
263 1204 4439
264 7813 6570
265 3652 1288
266 7576 8145
267 2452 9909
268 7148 7936
269 3877 9746
270 838 4223
271 5010 5777
272 4000 8050
273 1996 6610
274 3449 3776
275 6847 4397
276 3986 5331
277 3337 2609
278 960 5514
279 3992 3842
280 279 8416
281 6992 8206
282 2350 6657
283 5814 705
284 5088 8285
285 8029 5062
286 1700 9866
287 9523 41
288 4405 5914
289 1059 7715
290 9284 3460
291 4563 1572
292 8074 3686
293 4322 2817
294 897 658
295 5040 4406
296 7519 7446
297 8612 1581
298 1273 1614
299 3917 3410
300 8052 1235
301 1121 1148
302 3552 1861
303 6708 2620
304 8637 973
305 2328 926
306 4786 5622
307 9110 919
308 515 9088
309 5549 7279
310 7126 7013
311 1997 4016
312 7945 7626
313 3933 6646
314 7934 9469
315 6726 7234
316 975 8904
317 4188 32
318 4478 8953
319 8239 3301
320 4863 5438
321 3413 845
322 2140 7251
323 4652 4949
324 5019 1781
325 9663 9964
326 5275 199
327 5222 4802
328 8880 2880
329 8805 2394
330 4499 6326
331 9676 957
332 3490 9456
333 5147 346
334 9902 618
335 7713 2201
336 4016 612
337 2605 8239
338 3683 8404
339 4328 4298
340 9953 239
341 1603 831
342 5957 2745
343 3076 7928
344 3603 5473
345 3539 2772
346 6363 7894
347 1788 7352
348 5089 2197
349 2655 9643
350 8609 4736
351 3098 3028
352 1396 4962
353 2355 5137
354 1305 8198
355 4901 9880
356 5509 5487
357 3727 9384
358 2312 6546
359 3290 1776
360 3987 1047
361 5854 8562
362 2621 9284
363 2365 4197
364 7688 5711
365 905 45
366 4515 9634
367 4983 4095
368 5146 163
369 4861 2283
370 1786 8159
371 2587 9028
372 9876 8
373 107 4984
374 3571 5344
375 6154 2210
376 918 9315
377 5520 6289
378 8634 6542
379 3261 455
380 4374 3286
381 7513 4614
382 5094 670
383 3592 2964
384 2101 5060
385 5731 4233
386 2789 1557
387 3892 2022
388 4903 3068
389 6428 9324
390 6327 4824
391 25 1706
392 6646 4948
393 2859 368
394 2216 152
395 104 5293
396 2943 2258
397 3205 9264
398 4009 9231
399 586 5223
400 983 7370
401 3114 6630
402 9885 2943
403 3989 765
404 4973 7632
405 658 8282
406 4375 3286
407 5835 5722
408 1062 7404
409 9675 3570
410 3817 6841
411 9993 6394
412 1690 824
413 4181 8271
414 3083 9285
415 1598 1603
416 33 2096
417 8313 9433
418 3224 8142
419 2636 191
420 4510 2026
421 5333 6602
422 6108 9869
423 2448 2777
424 1551 1445
425 1167 5776
426 4571 5699
427 455 6498
428 1471 1674
429 4267 5680
430 368 3494
431 1050 2735
432 2027 164
433 857 49
434 1968 3103
435 267 8798
436 3256 38
437 5183 6575
438 7786 4185
439 9000 6057
440 6371 7368
441 4956 8468
442 2769 5292
443 5860 152
444 8170 1402
445 9365 2924
446 2003 170
447 3839 384
448 1121 7169
449 6262 9409
450 5708 104
451 3271 3822
452 1453 856
453 8348 4214
454 3590 9077
455 2614 9875
456 5196 9727
457 5696 9904
458 6136 8931
459 4965 6287
460 2908 1664
461 9362 2814
462 8796 2706
463 6120 9826
464 4419 6902
465 2183 3558
466 7519 37
467 67 7604
468 9282 1793
469 5495 9481
470 682 9656
471 1558 4263
472 919 6234
473 8851 6669
474 4534 3137
475 7954 21
476 1834 7205
477 7095 6437
478 6513 6995
479 2331 3924
480 1462 3533
481 6648 5106
482 2397 7264
483 405 3952
484 4329 7044
485 3146 6903
486 7425 3040
487 6363 5660
488 9795 1390
489 9207 3001
490 5178 6802
491 5016 3230
492 2350 8561
493 9574 1515
494 9822 7956
495 1390 7769
496 4241 6602
497 7006 8747
498 8809 4861
499 3257 2964
500 4531 749
501 336 2382
502 4883 5131
503 1918 230
504 7143 8974
505 2583 9066
506 5138 3717
507 3342 5447
508 7265 4142
509 3220 9569
510 9682 698
511 2742 3337
512 2693 4783
513 9604 7414
514 8563 1728
515 5919 2260
516 1747 7805
517 247 7350
518 5365 7240
519 7485 2904
520 6116 533
521 1079 3462
522 1172 4945
523 837 4194
524 5028 4830
525 2619 5693
526 2660 9277
527 7269 1501
528 5401 9769
529 8013 5719
530 4492 8929
531 4893 9373
532 32 1786
533 5651 2532
534 2290 1361
535 7654 7395
536 5436 7842
537 3530 5985
538 1209 1071
539 9469 8878
540 5771 3983
541 3614 1401
542 5197 4392
543 8671 3114
544 9092 3686
545 682 4196
546 5007 9748
547 8149 3873
548 4938 5901
549 2224 5047
550 9814 4435
551 8024 4363
552 6672 4888
553 1027 5051
554 2214 750
555 1316 2311
556 4783 7477
557 8584 8949
558 1506 3988
559 9622 1989
560 3599 732
561 8174 858
562 862 1136
563 422 301
564 1234 6561
565 6886 4302
566 7843 2530
567 3911 4046
568 3652 3497
569 6318 901
570 8302 3653
571 119 2844
572 7988 3605
573 1414 6506
574 7030 4463
575 4893 4629
576 5654 1070
577 9610 9240
578 8864 3723
579 5921 1029
580 9208 8398
581 842 3451
582 6367 8352
583 6867 523
584 9972 731
585 6895 4204
586 4395 8999
587 247 62
588 7458 5171
589 7451 2715
590 7637 3753
591 4810 120
592 1291 3905
593 1141 1417
594 5819 9419
595 7430 653
596 2204 9344
597 1656 7755
598 8931 4182
599 2589 9235
600 2748 3799
601 4242 6254
602 8481 1135
603 596 5536
604 8342 8969
605 3179 2049
606 6435 6268
607 9871 7773
608 9103 946
609 2089 9118
610 6169 6536
611 6213 1367
612 8441 5526
613 3782 3567
614 6446 4144
615 6724 2771
616 9605 9771
617 3785 9039
618 5114 1562
619 5515 2046
620 3141 5202
621 3747 6667
622 4932 3054
623 3572 2119
624 8690 9299
625 8619 3622
626 8204 5680
627 6460 4256
628 8464 2073
629 1550 4457
630 3966 324
631 8196 8926
632 8977 4207
633 7233 6911
634 7545 2672
635 8653 706
636 2790 7292
637 9367 4471
638 4834 3553
639 135 7954
640 3206 4894
641 5866 2296
642 156 6447
643 5662 6705
644 5677 5639
645 8887 7701
646 222 1558
647 719 8882
648 1061 7095
649 4714 6435
650 7869 9584
651 1787 6909
652 7601 5106
653 2796 5282
654 6607 9526
655 5935 3075
656 157 3113
657 3047 9563
658 5953 2830
659 514 3444
660 7683 9387
661 1993 1367
662 3847 7225
663 112 1398
664 2911 1046
665 2 9059
666 4333 9705
667 5196 2903
668 3942 4912
669 5970 335
670 3718 2657
671 5754 157
672 6256 9238
673 2535 1374
674 4593 4515
675 9303 67
676 8876 5143
677 242 3445
678 5395 9534
679 9238 2366
680 1629 241
681 903 4032
682 9775 7352
683 4448 1748
684 7459 845
685 5013 1537
686 2941 4340
687 8473 8920
688 2687 366
689 7283 4292
690 1643 886
691 7435 3222
692 7078 483
693 8020 42
694 8175 2278
695 3284 5171
696 2511 68
697 7241 6277
698 2912 4382
699 8042 707
700 3936 6754
701 4482 912
702 4018 2828
703 1425 7111
704 4258 6962
705 3666 2754
706 9204 4276
707 9255 679
708 4692 2558
709 802 8471
710 6844 6658
711 336 2735
712 7148 2155
713 3576 5057
714 8736 8702
715 2771 618
716 9083 2985
717 553 6905
718 8419 5102
719 5576 2553
720 4543 8075
721 7690 8520
722 2460 1188
723 7116 7073
724 5863 5818
725 9030 2534
726 333 5635
727 7540 5379
728 2278 3818
729 2972 2505
730 8459 636
731 9469 6731
732 4443 2929
733 6991 3133
734 5605 5845
735 161 3593
736 8948 5957
737 2412 9693
738 3637 4242
739 5986 2939
740 1204 6926
741 6179 9678
742 5209 1949
743 7514 3349
744 324 7708
745 6873 651
746 5411 8387
747 9814 7704
748 7162 6624
749 8861 1908
750 4756 6548
751 9921 4667
752 3962 5983
753 3523 8713
754 2057 3646
755 1422 4250
756 6018 2937
757 1875 8022
758 2588 736
759 6301 66
760 6553 5986
761 2568 2406
762 4976 527
763 8506 3271
764 7418 1209
765 4984 2195
766 9176 69
767 7656 1258
768 1626 9119
769 3994 7275
770 9897 2225
771 596 1587
772 4315 1151
773 4096 8675
774 5018 1126
775 3159 9267
776 6035 2226
777 5388 2228
778 2366 1836
779 6274 8809
780 8431 2361
781 3102 1684
782 2883 6760
783 388 4410
784 2265 4154
785 9563 4222
786 6113 7943
787 3954 607
788 552 9606
789 7808 1303
790 4401 8164
791 4610 3719
792 1201 7666
793 5776 4203
794 7417 5963
795 1121 6744
796 1222 4999
797 913 4263
798 5923 1421
799 6527 393
800 2252 2919
801 2692 6161
802 9518 9831
803 5718 2089
804 4026 8677
805 7879 3621
806 6741 9349
807 1770 7361
808 114 8820
809 3712 9916
810 4104 8452
811 4741 2110
812 4238 7441
813 3954 1206
814 1416 9838
815 8504 113
816 8693 5986
817 3886 3000
818 6160 6871
819 4151 9026
820 4839 8388
821 6216 926
822 4953 3245
823 6939 5777
824 2863 8680
825 4967 7984
826 9102 5877
827 3864 1986
828 7840 4670
829 5963 9455
830 5864 5008
831 3370 7587
832 5681 3795
833 8556 2208
834 5761 4535
835 6312 6892
836 9513 8072
837 3477 8311
838 6913 6482
839 8625 2658
840 7234 8675
841 5213 813
842 15 6930
843 9431 3692
844 2201 4021
845 4858 5830
846 365 1109
847 5378 3377
848 8149 2095
849 9162 5118
850 3197 7102
851 1635 7425
852 5977 8332
853 7920 2383
854 2988 5404
855 3259 891
856 115 8615
857 6681 4563
858 7186 5595
859 9023 6128
860 4217 8076
861 3048 1706
862 6852 3546
863 8395 6427
864 8060 5499
865 5639 8447
866 258 3087
867 950 7804
868 7134 6372
869 2663 3836
870 4667 3944
871 3547 1219
872 4575 8843
873 6286 7536
874 5503 5138
875 7010 1970
876 5820 8075
877 271 3011
878 5334 3888
879 815 317
880 5485 1234
881 3277 317
882 6943 407
883 2084 6659
884 1373 7352
885 5089 5181
886 2315 8633
887 1869 6282
888 8388 2401
889 9379 2498
890 9826 3206
891 5446 3208
892 3293 3189
893 7059 9691
894 1183 5132
895 6448 9121
896 5877 80
897 72 1201
898 3492 8514
899 7437 3979
900 2717 1574
901 2763 423
902 482 4733
903 4276 5004
904 3479 4453
905 6360 4766
906 6339 6902
907 1412 4339
908 3301 3633
909 9643 9385
910 9839 6208
911 2686 9320
912 7524 3502
913 8842 787
914 9040 8801
915 2948 854
916 726 6687
917 744 8442
918 4601 2620
919 9722 2619
920 9250 9170
921 4777 5507
922 6199 1608
923 374 8585
924 3977 8907
925 8810 8814
926 3069 6541
927 9279 500
928 1007 5523
929 3577 5640
930 6887 5917
931 6011 4765
932 1977 8063
933 2659 7072
934 8265 9397
935 3792 6046
936 3093 6999
937 3301 6290
938 6065 30
939 1371 9295
940 1406 4543
941 1952 4036
942 9138 2527
943 2468 9899
944 2971 8605
945 7534 1948
946 7570 6902
947 9320 8269
948 4289 5111
949 8438 3254
950 368 5027
951 8660 7284
952 6217 2908
953 1545 2775
954 9923 2056
955 4111 9386
956 3209 3440
957 9799 3570
958 9647 2696
959 2712 3375
960 2707 7533
961 3003 3679
962 4820 2673
963 5325 7446
964 1219 7864
965 3202 5126
966 50 9782
967 4798 2304
968 8922 9953
969 8850 4537
970 8352 7545
971 2636 4154
972 4456 7200
973 81 5471
974 3886 6171
975 2 6816
976 5696 138
977 4361 4932
978 4018 3580
979 9558 8554
980 4815 9200
981 2848 3222
982 2492 2770
983 8842 7281
984 5418 2385
985 7391 292
986 2152 1654
987 7948 2215
988 4583 1837
989 1945 3155
990 4050 9711
991 7087 9406
992 5227 4733
993 1500 6836
994 3653 6016
995 2883 7568
996 4555 5266
997 2737 1435
998 3810 1275
999 655 9914