0 3210 1803
1 2255 4087
2 1871 2058
3 3700 1099
4 9366 5641
5 2532 5241
6 6813 2701
7 5396 2131
8 4996 6943
9 7362 7950
10 7023 4334
11 1493 3993
12 3087 1275
13 1978 9531
14 4230 29
15 7813 5675
16 2105 2181
17 6725 8908
18 3106 8864
19 676 6924
20 9942 573
21 5595 1221
22 2851 5518
23 1423 7345
24 5404 8165
25 3358 1190
26 7728 4843
27 9060 1481
28 5396 6166
29 9698 585
30 1140 4793
31 3105 1238
32 5466 4726
33 1187 1352
34 9369 9005
35 9648 9947
36 8119 4544
37 9002 3739
38 5277 2488
39 4417 4138
40 2109 4473
41 3448 3839
42 7102 1467
43 3846 3219
44 5184 7200
45 6379 4389
46 3763 7441
47 1583 6901
48 9868 1606
49 1778 7726
50 1334 5230
51 2777 6086
52 2563 8210
53 7480 2584
54 3367 3077
55 2501 9825
56 6980 5505
57 3990 8608
58 4216 1770
59 3904 2582
60 5137 1107
61 2308 9839
62 8256 3192
63 8023 7112
64 1305 3161
65 1521 9752
66 2730 2779
67 5758 5656
68 376 5770
69 6301 6427
70 146 3885
71 5970 9270
72 4988 318
73 1745 2846
74 6495 2646
75 8764 1236
76 3556 204
77 2300 7745
78 623 1586
79 4585 708
80 5467 1566
81 4135 7051
82 9775 3866
83 7408 5132
84 6020 9226
85 3558 3305
86 2914 7590
87 3966 6689
88 7760 2372
89 3434 10000
90 6690 9291
91 9611 3043
92 892 232
93 6631 670
94 1501 44
95 898 5964
96 7638 5725
97 1969 1356
98 1639 5558
99 7263 3036
100 6539 3952
101 4216 9917
102 3373 4495
103 4289 9742
104 9662 2743
105 1229 656
106 1965 4923
107 1114 5087
108 5108 8522
109 2216 3283
110 8581 8206
111 6162 5083
112 3110 9502
113 9937 6808
114 6674 9874
115 1154 9615
116 3109 8732
117 1223 509
118 9456 9261
119 9044 3889
120 6806 9217
121 6615 4633
122 5945 8842
123 9033 5101
124 8202 3345
125 9494 3738
126 1939 4261
127 5651 9688
128 1953 4626
129 4291 5042
130 699 9351
131 400 7957
132 3309 7475
133 2172 7226
134 5450 3651
135 7690 9833
136 5521 8260
137 6550 5012
138 4290 2109
139 7993 9803
140 2294 8344
141 3342 8272
142 304 196
143 4410 6807
144 5172 5140
145 6891 4982
146 3785 6576
147 3070 8755
148 1670 6747
149 2031 1482
150 6820 1236
151 1637 6238
152 4150 9123
153 7130 8277
154 3762 4375
155 8616 3480
156 6558 9804
157 126 8419
158 1554 4603
159 6373 9400
160 7767 9347
161 6153 9131
162 1134 9263
163 6069 1797
164 2763 4565
165 2700 6058
166 1815 2541
167 8871 5911
168 6576 4076
169 6196 3469
170 2967 4190
171 7906 904
172 1556 9535
173 8678 8554
174 8819 5294
175 2195 9996
176 8501 1744
177 8156 1497
178 1306 5964
179 580 3808
180 5200 2246
181 6403 7961
182 754 6198
183 4273 7945
184 9742 6174
185 978 7554
186 8991 3337
187 5975 8113
188 3656 1813
189 746 5231
190 5780 3997
191 3349 7850
192 70 9432
193 3384 4898
194 2548 9030
195 7321 3700
196 1103 4366
197 1312 2915
198 7385 9462
199 2064 3053
200 6215 2626
201 3471 3482
202 4487 3957
203 2616 4285
204 6836 5974
205 464 5919
206 1256 556
207 3514 2752
208 6369 4784
209 2827 873
210 2343 5037
211 461 7846
212 1671 2579
213 2727 7332
214 7080 7121
215 9205 6982
216 8997 9052
217 9246 3954
218 2718 9316
219 6991 3151
220 897 7778
221 155 9879
222 3953 6821
223 7314 6848
224 3814 3243
225 4985 3436
226 2468 2010
227 8416 1161
228 9066 7965
229 6427 7817
230 5939 5825
231 223 798
232 9438 4280
233 3162 5875
234 46 3691
235 6745 6717
236 3759 8214
237 4721 486
238 7252 2806
239 3435 4968
240 2037 9000
241 9582 1606
242 1354 5778
243 2834 7281
244 9533 973
245 4836 534
246 462 8405
247 2853 4790
248 3732 6226
249 5835 914
250 8892 5293
251 6167 3873
252 3781 5917
253 4543 266
254 1394 4170
255 2697 9370
256 2708 9527
257 8506 9454
258 8878 1706
259 1536 532
260 3046 2923
261 7084 7834
262 2512 8803
263 2129 5152
264 1335 3496
265 9269 5820
266 216 5210
267 6737 9689
268 650 6042
269 2622 4025
270 1795 7566
271 5907 7029
272 1680 1169
273 3928 5074
274 4378 193
275 2640 7199
276 1854 480
277 4778 4045
278 9661 2261
279 3870 715
280 454 3988
281 96 5803
282 9493 5919
283 4036 7801
284 5893 7471
285 3708 3034
286 7112 848
287 4406 5312
288 255 7745
289 2985 2273
290 2391 1610
291 3957 5941
292 399 2613
293 1623 8276
294 4031 9947
295 3980 8031
296 1508 973
297 519 6559
298 1179 6312
299 6691 8004
300 9732 8254
301 1838 4887
302 6936 916
303 2044 6373
304 2798 8284
305 1896 4067
306 5 8330
307 5999 1625
308 457 7350
309 9691 3302
310 1208 5956
311 6826 5711
312 6422 6277
313 5225 4412
314 4639 301
315 7776 912
316 9233 8761
317 230 8407
318 9966 1889
319 35 6576
320 9021 143
321 6842 6290
322 8680 5902
323 9102 4080
324 6684 6967
325 7010 8737
326 1886 7510
327 6973 7254
328 5677 5990
329 7978 9108
330 6900 7589
331 5986 4984
332 977 5915
333 8651 7251
334 9312 3260
335 6190 6364
336 4065 792
337 1232 3940
338 8059 6552
339 8479 7758
340 4812 1644
341 6131 580
342 916 7198
343 2891 1565
344 2194 3516
345 5332 9231
346 3167 417
347 1690 1780
348 41 8884
349 6442 9034
350 5716 4448
351 2038 1065
352 3181 5032
353 7627 7509
354 8925 419
355 7490 6104
356 6051 8186
357 1068 880
358 3437 6506
359 3181 8117
360 7640 7380
361 8031 7560
362 638 2528
363 8001 3108
364 9095 5689
365 8232 5800
366 3964 1537
367 3788 9489
368 2807 65
369 1574 209
370 5653 8787
371 8521 4640
372 8525 9516
373 281 1342
374 3035 6900
375 6066 4514
376 5741 4942
377 9480 8938
378 2400 657
379 7524 5528
380 4612 3061
381 535 3643
382 5404 455
383 7029 7505
384 4911 1424
385 4801 9026
386 2472 5721
387 1095 6607
388 8274 6041
389 8186 3681
390 1394 6700
391 9980 6237
392 4306 3953
393 2099 3758
394 2708 1792
395 1947 7902
396 2936 8406
397 8949 2291
398 7553 2018
399 8675 389
400 2294 4535
401 2096 6282
402 709 4901
403 3859 2387
404 4495 992
405 2562 4172
406 4809 1009
407 4594 2527
408 2108 89
409 5497 7371
410 8237 4866
411 1111 8895
412 9510 1761
413 5349 6130
414 6361 7865
415 5248 2061
416 2248 6014
417 2385 4963
418 3967 5271
419 9946 4132
420 5444 6424
421 6162 8053
422 9623 6162
423 9258 745
424 8292 5323
425 9879 3635
426 7472 2406
427 5928 1358
428 6211 8229
429 7799 1297
430 8326 1158
431 2556 2928
432 3996 5303
433 8698 214
434 947 4593
435 6451 4507
436 9747 8357
437 2872 4558
438 1931 7291
439 8393 4581
440 6786 3044
441 4455 14
442 4422 5959
443 6673 2377
444 7080 7319
445 3105 1708
446 9003 4610
447 3782 4042
448 4337 5547
449 5858 1290
450 9991 7827
451 352 2896
452 1593 3636
453 5679 7827
454 4054 4426
455 7041 9566
456 8022 8736
457 144 7271
458 4343 2584
459 5398 8981
460 4188 3756
461 1450 8350
462 6425 2827
463 748 9326
464 7680 6127
465 1947 2866
466 7090 5703
467 5424 2198
468 4770 8547
469 2340 7875
470 8115 5622
471 1491 3200
472 2638 578
473 4310 4286
474 7741 6374
475 1740 4482
476 1984 7156
477 5252 7090
478 7856 419
479 4898 1342
480 8440 8933
481 7144 331
482 1626 4137
483 2530 4042
484 5156 6875
485 3411 3865
486 6237 4770
487 6966 1960
488 8844 5194
489 517 289
490 4545 9182
491 500 7267
492 2424 2684
493 1503 9092
494 5230 6661
495 9258 3053
496 2897 1515
497 3992 5541
498 4089 6009
499 3191 1154
500 7666 1991
501 6273 1747
502 6015 4121
503 3890 9320
504 3418 7120
505 7118 1353
506 5377 510
507 4101 4066
508 6915 6919
509 7214 6827
510 5581 6092
511 1042 473
512 3618 520
513 5970 709
514 1332 2625
515 2989 8421
516 5839 4074
517 9043 8782
518 8462 4763
519 496 8855
520 4589 1308
521 9766 5241
522 2160 1664
523 1074 7004
524 5753 8864
525 4419 9670
526 6930 3487
527 9431 4844
528 8934 4848
529 1297 367
530 3843 9039
531 5247 6205
532 9582 3882
533 9453 6498
534 3416 2374
535 9772 1063
536 5420 6150
537 626 6259
538 7898 7307
539 4853 7749
540 4238 3694
541 5313 4522
542 6592 895
543 8170 8221
544 2859 1113
545 4751 5639
546 1092 4094
547 6716 9779
548 7892 5966
549 1351 8212
550 3104 2432
551 2254 927
552 7806 5039
553 6984 3170
554 2805 7386
555 1234 879
556 2046 617
557 3282 6566
558 4859 1803
559 2751 4281
560 9560 1996
561 5876 6664
562 1433 4943
563 7700 9073
564 6985 3916
565 9786 6105
566 9793 9954
567 6303 2081
568 2480 3461
569 4337 8521
570 9749 7872
571 9252 4072
572 4082 8367
573 575 5006
574 4056 4314
575 392 9332
576 6457 3264
577 9293 2983
578 630 1490
579 4315 2692
580 4288 5066
581 6600 1041
582 6318 392
583 5264 5649
584 3491 9743
585 8435 1820
586 2135 6826
587 7738 2977
588 551 6284
589 7382 5595
590 1996 8103
591 1097 360
592 4404 6264
593 4007 9497
594 6016 5413
595 2556 1671
596 371 1258
597 9489 6000
598 2882 7665
599 7046 9454
600 8115 7528
601 9739 2730
602 910 6922
603 1364 1878
604 7353 5567
605 9589 9878
606 4644 5810
607 1407 3214
608 1225 6211
609 2120 4437
610 9769 8438
611 5235 3417
612 8396 7402
613 3930 9459
614 4493 352
615 2499 4207
616 8902 1714
617 5422 6640
618 9664 6254
619 5125 6317
620 1694 2557
621 2951 7225
622 6437 7832
623 661 2793
624 9668 9997
625 7015 1234
626 3388 5825
627 9327 7538
628 438 8134
629 8477 1560
630 1325 5704
631 1299 1354
632 4386 623
633 3621 5148
634 205 8638
635 3824 2833
636 9786 7861
637 2753 4493
638 7969 7632
639 1320 3744
640 9557 2173
641 5094 5758
642 3068 4693
643 9221 4084
644 3783 3845
645 2744 6231
646 9278 185
647 6097 1947
648 3796 7505
649 7905 4821
650 1275 5783
651 7556 5897
652 4554 4132
653 6229 5792
654 2010 3796
655 7297 7674
656 1870 7076
657 8658 5262
658 1525 9282
659 5591 1341
660 8445 2496
661 5102 7642
662 8595 2391
663 1142 9340
664 5075 4682
665 8985 139
666 9786 8667
667 4367 1143
668 9966 2885
669 3681 1753
670 3964 9956
671 7015 178
672 5992 7721
673 9195 1345
674 5834 6593
675 3816 9073
676 6116 9493
677 5515 7346
678 2721 3371
679 434 8267
680 4770 1604
681 6045 2064
682 2239 4220
683 6455 4531
684 3758 9169
685 4391 5571
686 5193 33
687 8712 8183
688 416 815
689 7377 9770
690 567 1387
691 2156 2631
692 3120 798
693 3462 4917
694 6285 934
695 2053 4666
696 8346 6353
697 9684 6842
698 5369 8112
699 2862 95
700 6921 7425
701 9468 8990
702 5255 1243
703 3511 8011
704 4591 5973
705 5758 535
706 3423 1425
707 715 5760
708 9472 8294
709 4810 1877
710 7470 2298
711 4171 4440
712 3991 2956
713 8793 3190
714 1254 1381
715 8936 2073
716 5746 9101
717 6898 6991
718 4599 363
719 9804 6636
720 9987 4725
721 1038 3099
722 1742 1883
723 599 7726
724 2221 6567
725 7088 4245
726 6082 3171
727 5488 3119
728 9285 3414
729 3365 3223
730 9450 2175
731 1091 4751
732 5881 6717
733 6683 3316
734 2839 6140
735 8734 5097
736 4290 7614
737 5283 1406
738 5298 9395
739 630 455
740 7208 8198
741 473 2652
742 4014 4662
743 1847 1331
744 5524 2764
745 5657 3089
746 183 8543
747 1937 9578
748 2573 4964
749 5967 158
750 7637 8994
751 110 8359
752 5362 2257
753 3915 7901
754 8643 4127
755 1937 5795
756 2176 5093
757 1188 5462
758 5031 3664
759 7998 912
760 824 8225
761 7436 6512
762 7543 3160
763 2826 3683
764 347 791
765 7591 3328
766 7357 8947
767 2770 6296
768 2966 282
769 3319 9187
770 9100 7250
771 9448 6866
772 3677 6159
773 2926 9451
774 7132 9266
775 1788 3307
776 2609 2494
777 5446 8032
778 8321 1992
779 8469 7045
780 594 841
781 6306 3852
782 2105 9173
783 482 782
784 1853 677
785 1734 4548
786 5505 8492
787 5221 2704
788 561 704
789 8430 1464
790 3369 1111
791 1210 1062
792 1757 1487
793 5247 6753
794 5831 5780
795 4381 6769
796 687 8539
797 4443 5021
798 472 1757
799 8622 1489
800 17 3602
801 7456 9435
802 2963 3472
803 9714 1090
804 1089 6875
805 6690 4715
806 7598 876
807 3276 7026
808 8617 5227
809 8304 5568
810 4534 1737
811 3347 2777
812 2577 4567
813 5818 8912
814 8900 255
815 3007 7167
816 3774 2438
817 2298 8207
818 4470 5283
819 8987 8381
820 9431 7397
821 8309 2147
822 3979 2782
823 317 9610
824 8882 2788
825 651 61
826 7439 6017
827 2480 6043
828 316 9908
829 2746 2750
830 418 6636
831 6452 8786
832 2551 4827
833 2860 2857
834 3473 3268
835 7865 6076
836 9269 5241
837 9950 6037
838 7569 9575
839 2894 8550
840 9267 9231
841 9254 2041
842 3407 1739
843 9556 3145
844 910 4576
845 7199 4802
846 4949 2918
847 3777 2877
848 3180 911
849 964 7209
850 7444 4246
851 9080 5242
852 995 2238
853 7492 2093
854 2168 665
855 7020 3479
856 3392 9416
857 5992 7385
858 7419 983
859 6542 7729
860 5344 7360
861 9706 7402
862 1889 8730
863 8818 472
864 6565 5164
865 1657 1720
866 358 9834
867 7824 3158
868 7631 1094
869 3546 2878
870 1458 1414
871 3606 6761
872 6545 652
873 6563 1917
874 7200 9764
875 8625 5389
876 7418 7245
877 8881 8912
878 2684 3769
879 5043 4129
880 8178 6551
881 8148 4012
882 28 2948
883 9246 1155
884 9860 8645
885 8941 2479
886 8745 2396
887 6567 6276
888 4089 4257
889 5313 9194
890 2310 5616
891 2020 1184
892 8302 747
893 2200 980
894 255 743
895 7721 1108
896 781 6577
897 4568 4355
898 5846 8210
899 8855 7104
900 9986 1666
901 7380 8485
902 1887 7001
903 8603 994
904 5559 2501
905 4440 1021
906 6803 6428
907 7827 7452
908 5142 1398
909 9817 5509
910 8331 7132
911 9360 3906
912 5616 2871
913 7215 7808
914 1292 5189
915 867 1800
916 8643 9586
917 1864 8104
918 1778 2547
919 9735 1183
920 2168 2916
921 3285 2635
922 732 3629
923 6589 8304
924 4806 837
925 2787 2703
926 4108 8591
927 9740 8366
928 5448 1996
929 5622 9553
930 3427 5653
931 4930 2368
932 4152 7744
933 1017 7004
934 8889 3031
935 2987 3601
936 9503 7133
937 7245 77
938 1951 4036
939 5490 7160
940 523 6089
941 9983 7813
942 2400 6055
943 6263 9986
944 4947 2946
945 2937 7227
946 9240 2648
947 2067 5482
948 1940 5092
949 6555 700
950 3264 4861
951 2286 3453
952 1891 9883
953 5424 4880
954 7217 1159
955 357 8134
956 6398 2580
957 7029 6679
958 7909 1383
959 6590 1271
960 9957 8344
961 5943 8425
962 7796 8519
963 7902 2922
964 1103 9703
965 6441 2194
966 430 4361
967 4070 410
968 1276 6853
969 9057 9333
970 4136 9027
971 3467 4593
972 8123 4661
973 517 114
974 4164 6606
975 769 8836
976 1336 548
977 2190 5115
978 7845 724
979 4468 8487
980 1896 6418
981 2921 2897
982 3402 3124
983 1382 1366
984 6702 9998
985 1971 2186
986 1384 7641
987 8924 1950
988 2571 5317
989 1330 2072
990 2372 5680
991 615 5668
992 61 9185
993 2960 9243
994 8357 7311
995 3885 4146
996 3559 1770
997 3097 6479
998 949 6352
999 5250 3182