0 5879 2643
1 3353 7824
2 9214 6223
3 985 8287
4 4465 3178
5 645 750
6 2419 6511
7 9278 9727
8 4582 8923
9 3190 5419
10 2437 4865
11 4978 2110
12 9418 8131
13 9527 1549
14 7342 5750
15 1487 3501
16 4312 5917
17 3414 4674
18 2383 5793
19 9059 1855
20 5670 2169
21 6839 8963
22 7388 2798
23 6190 2979
24 8624 2446
25 7216 9368
26 6103 1938
27 3850 31
28 514 400
29 7913 8589
30 7119 1293
31 5588 7577
32 2705 1961
33 6952 3627
34 3851 137
35 6981 3731
36 7246 9798
37 3601 2847
38 4379 2513
39 1729 7302
40 6026 9398
41 7671 4091
42 1859 6030
43 7268 9440
44 3085 5282
45 729 7699
46 926 9896
47 4143 5983
48 1952 7473
49 9939 226
50 1927 6558
51 5723 4772
52 5638 3000
53 3202 4278
54 9639 3388
55 8101 193
56 6970 3526
57 2633 7737
58 5820 913
59 7432 7362
60 402 633
61 1178 2266
62 5143 3772
63 3607 2667
64 5522 2341
65 5336 4177
66 9869 1624
67 1193 7201
68 1313 2543
69 8837 244
70 5916 5972
71 9149 5879
72 5695 86
73 3778 6969
74 6709 875
75 2944 1700
76 3852 7658
77 7716 7807
78 6825 9363
79 752 3661
80 5953 8029
81 2890 8383
82 648 8334
83 266 709
84 4675 3257
85 8441 6155
86 552 4546
87 60 299
88 4961 6935
89 6494 7331
90 8286 8061
91 781 1808
92 7075 2354
93 2947 8658
94 2525 7192
95 8739 5582
96 489 7302
97 4206 7095
98 2302 9350
99 5016 2398
100 4112 2384
101 2532 4614
102 8279 4284
103 7513 1874
104 5157 2060
105 1593 2323
106 500 7509
107 2886 2346
108 1832 3860
109 7205 3097
110 1633 7987
111 4127 7064
112 1177 449
113 7136 3902
114 3732 1979
115 5250 5978
116 7188 4013
117 8214 921
118 7760 368
119 1606 8327
120 6311 2508
121 628 8084
122 125 7978
123 6901 8322
124 9034 7641
125 2062 5595
126 4646 6772
127 8 2312
128 768 6058
129 6286 3349
130 4560 1357
131 8582 5136
132 3446 2485
133 6906 6354
134 4191 1724
135 7774 8416
136 1301 7485
137 6581 9086
138 4225 7333
139 5085 8044
140 8576 4657
141 1870 7488
142 5135 9519
143 2217 1056
144 8855 8284
145 9539 5367
146 766 8596
147 7438 2404
148 7638 9168
149 838 53
150 8729 5689
151 9272 8377
152 5539 9054
153 7256 8067
154 2389 9731
155 8763 6974
156 1497 9527
157 404 2768
158 8270 3932
159 5087 5510
160 1198 3889
161 5219 117
162 3078 2327
163 4773 8247
164 9964 2627
165 8323 4706
166 8015 2136
167 7617 9594
168 1366 3788
169 7693 1146
170 1237 1790
171 5951 4055
172 3088 7375
173 6631 5628
174 7479 1325
175 5872 626
176 6189 2464
177 6976 2300
178 3802 4914
179 6543 5292
180 865 7075
181 6852 1992
182 1824 9913
183 5446 4038
184 4593 2017
185 9553 8162
186 3633 2264
187 9484 8228
188 4102 6530
189 4241 1336
190 3355 2774
191 980 4080
192 7842 1053
193 7129 2539
194 6162 1475
195 1074 9410
196 1634 3189
197 2673 8354
198 1096 62
199 4363 3450
200 7597 1054
201 7089 2286
202 8389 8163
203 5532 229
204 4119 9317
205 7427 3043
206 4667 1294
207 3780 4360
208 789 7713
209 4485 5228
210 3209 584
211 727 3511
212 7103 9645
213 3842 4227
214 6993 9686
215 2117 544
216 8053 9510
217 7043 1562
218 3557 7799
219 216 9375
220 5742 458
221 7123 4553
222 951 7690
223 6787 1389
224 3872 3887
225 9670 5372
226 3561 1738
227 2927 4189
228 2291 6819
229 6311 1183
230 6174 851
231 4549 3553
232 580 7714
233 9535 4245
234 1883 2204
235 7100 6393
236 5943 2681
237 439 7929
238 3976 7459
239 9870 6053
240 6265 6463
241 7646 5154
242 6835 5710
243 8947 6041
244 6142 447
245 2262 9030
246 7646 6899
247 7068 3738
248 6820 127
249 1648 9037
250 6189 4970
251 6697 3399
252 6654 3131
253 6723 8536
254 3928 8894
255 1854 5146
256 7788 3009
257 3956 7607
258 5971 4361
259 9047 1361
260 2273 9520
261 9120 3448
262 6 8799
263 3614 2280
264 6831 8373
265 1138 6119
266 2586 2783
267 5070 9281
268 4090 2021
269 9300 3123
270 886 454
271 3210 119
272 7200 4062
273 8786 1426
274 616 410
275 2175 4223
276 4626 1706
277 4935 3331
278 2785 3128
279 444 2980
280 5195 8881
281 6687 7965
282 4796 1520
283 2772 8544
284 8486 9677
285 3688 3867
286 9906 9655
287 2228 8119
288 2060 6287
289 369 3485
290 2143 517
291 5540 881
292 9490 804
293 1107 8718
294 6777 327
295 8459 2464
296 2152 4404
297 807 6654
298 2796 4953
299 2573 7206
300 2108 315
301 3999 473
302 3584 2313
303 6383 8559
304 7021 5163
305 327 9923
306 1984 6645
307 4007 4480
308 4010 5041
309 9715 8912
310 8694 4346
311 3262 770
312 2492 5027
313 3428 7664
314 2526 2859
315 2370 8055
316 1899 5946
317 3820 1970
318 8021 3263
319 8266 7584
320 1992 8676
321 529 1896
322 4185 2736
323 8984 9779
324 6028 5691
325 1454 8677
326 4017 7548
327 7702 716
328 8813 2244
329 7595 3008
330 8614 2050
331 8248 4855
332 3812 4408
333 6469 5462
334 6456 9825
335 9927 1116
336 4087 3696
337 5515 7812
338 9772 2240
339 3298 4117
340 1019 9830
341 3255 8512
342 7833 8756
343 8854 5131
344 2197 6641
345 8009 9106
346 1911 2957
347 4639 7743
348 4693 8973
349 3372 4296
350 7871 9493
351 6643 39
352 2428 4426
353 39 1810
354 4028 5493
355 1830 1187
356 1104 5972
357 9937 5850
358 2884 4863
359 3838 2905
360 5234 213
361 5019 2934
362 3918 7452
363 9819 9946
364 4363 4785
365 6023 5856
366 9616 8132
367 3032 9425
368 1561 1669
369 6032 5309
370 3144 9770
371 771 3017
372 4802 3
373 2387 8790
374 9455 5705
375 4138 8905
376 492 500
377 6610 204
378 5588 2998
379 2431 9732
380 944 8993
381 6700 3026
382 7927 788
383 1932 3908
384 9815 6991
385 1843 205
386 287 980
387 1272 1547
388 5371 700
389 8201 3430
390 9887 5899
391 8422 105
392 1183 157
393 9705 8814
394 5117 6482
395 4562 6115
396 8886 7149
397 4140 7821
398 2674 6875
399 4453 5432
400 2936 6094
401 8010 9877
402 8068 8396
403 9052 8142
404 3828 101
405 8038 2587
406 7960 5568
407 2713 259
408 9226 6812
409 4407 338
410 1810 2263
411 1121 856
412 6914 5075
413 9303 8895
414 3532 1211
415 7837 5330
416 3251 304
417 461 2927
418 7668 6977
419 663 2071
420 8753 4094
421 3569 2110
422 303 5920
423 3419 4849
424 4362 603
425 9385 7275
426 6072 770
427 9789 5539
428 9143 4172
429 397 4564
430 7277 9877
431 3806 8941
432 5744 3975
433 8586 1794
434 4220 434
435 6338 7184
436 1478 4809
437 4137 4257
438 8809 308
439 86 7064
440 2121 3119
441 3647 6798
442 6283 7554
443 4517 9554
444 8140 7462
445 3405 2021
446 5365 3037
447 6848 6573
448 4789 8636
449 4481 1138
450 9679 9525
451 8154 1896
452 726 797
453 4303 4466
454 7537 2096
455 6208 3420
456 9140 1110
457 9736 7522
458 5439 5316
459 9731 4628
460 5796 3611
461 64 4689
462 1015 5827
463 4345 5474
464 5067 399
465 6793 8806
466 5361 8015
467 8146 9827
468 7793 1355
469 8683 9475
470 6343 4050
471 3822 7533
472 9849 5228
473 4580 3738
474 1405 4428
475 7771 3175
476 1111 2671
477 6311 9500
478 9728 5571
479 309 2648
480 4530 7329
481 8345 5591
482 5178 5592
483 8428 1570
484 1981 7270
485 4265 8815
486 7401 1327
487 238 8377
488 2685 5674
489 2548 4798
490 9265 3487
491 1702 8180
492 118 7410
493 3666 9726
494 9593 7465
495 6008 1386
496 4680 9827
497 7846 3762
498 4512 7456
499 5183 1597
500 1173 2427
501 5429 5569
502 2348 7783
503 4908 7494
504 2889 247
505 4351 9612
506 7674 1107
507 1941 5560
508 7477 7841
509 3258 3228
510 9813 7683
511 6324 6685
512 668 8322
513 3477 484
514 127 845
515 3649 9007
516 7383 5859
517 5950 274
518 2998 6976
519 743 5257
520 312 8126
521 4844 3727
522 9018 1592
523 5563 6414
524 9184 2957
525 1517 3845
526 7855 2066
527 4639 533
528 4512 9501
529 7621 6807
530 5550 3479
531 9000 6586
532 8758 8963
533 4552 7289
534 8948 3926
535 9642 8946
536 2391 1524
537 2097 9077
538 5862 5335
539 9163 8788
540 8325 2752
541 7150 3310
542 3459 5107
543 906 2461
544 7375 1232
545 2054 9744
546 8021 3219
547 3363 4463
548 8244 1175
549 5292 1039
550 7568 5188
551 6622 4969
552 9005 9658
553 165 5970
554 2289 2612
555 6400 6672
556 5390 2560
557 913 3692
558 6971 5061
559 5213 8760
560 9653 816
561 9827 3495
562 9299 6208
563 3040 8183
564 6188 5827
565 8020 4314
566 9703 5088
567 4648 3522
568 305 358
569 2905 3493
570 3268 6212
571 3797 9961
572 4376 8429
573 4830 9200
574 7645 1048
575 7038 1701
576 6485 5810
577 8031 9503
578 7112 5252
579 6279 8917
580 1495 1744
581 6190 3920
582 4901 6789
583 1155 8246
584 6795 4790
585 43 6493
586 4475 2951
587 2495 1197
588 4249 8641
589 4141 7806
590 5090 1720
591 5584 6194
592 2324 9614
593 4815 9965
594 4009 9987
595 2487 7581
596 6128 8023
597 4508 6499
598 2235 6854
599 5668 5882
600 7357 2860
601 5570 6563
602 1397 2666
603 8900 8610
604 8487 5526
605 2413 2612
606 3027 2164
607 5819 1046
608 5617 4111
609 1089 7778
610 5522 6605
611 9059 4537
612 3763 1148
613 3348 537
614 7840 8602
615 5803 2373
616 4597 1615
617 4061 2484
618 4171 2140
619 5277 2944
620 7150 8603
621 8191 6619
622 7323 2090
623 8112 27
624 8796 8129
625 3131 5489
626 9490 7388
627 990 9767
628 1218 6106
629 4827 896
630 2019 335
631 6276 2407
632 7895 1925
633 7669 1664
634 5379 6583
635 1924 8818
636 4786 3374
637 5747 4932
638 7828 6302
639 3394 2998
640 2676 3689
641 5547 8052
642 4672 3615
643 1265 8272
644 461 2847
645 1623 3256
646 5360 3949
647 4349 731
648 416 8257
649 2886 1779
650 309 7257
651 2524 3664
652 6280 7691
653 6678 529
654 2709 1602
655 3794 9092
656 7434 8492
657 907 4406
658 9260 8498
659 6104 2147
660 3685 1967
661 765 7970
662 6680 4078
663 1568 7263
664 1408 5348
665 1213 7161
666 290 2725
667 9251 1026
668 9769 3086
669 6649 3070
670 5610 6439
671 5930 269
672 320 1452
673 3340 7295
674 2693 5359
675 1711 200
676 2639 6546
677 3538 9247
678 1995 2744
679 5583 3630
680 4028 3719
681 9696 9469
682 1996 7555
683 2161 7951
684 5506 3898
685 2805 8686
686 6403 6937
687 7403 932
688 7132 5904
689 4973 131
690 3674 3712
691 1542 225
692 105 6677
693 1970 7259
694 9854 5288
695 4064 7313
696 4542 7441
697 9938 8966
698 6764 7485
699 8000 3991
700 7037 1467
701 4778 3496
702 4731 7169
703 2980 5348
704 4847 3679
705 3906 4001
706 387 2591
707 2301 1708
708 8871 755
709 750 8309
710 8509 8675
711 7910 268
712 4482 5688
713 5417 6470
714 8143 8592
715 9261 1301
716 6148 3755
717 4835 4539
718 386 2960
719 3086 48
720 2097 2794
721 1943 2684
722 745 9730
723 1029 3186
724 6818 8481
725 2013 4555
726 9505 4851
727 3775 8877
728 6885 4917
729 3670 3112
730 944 430
731 963 7652
732 3362 2033
733 4662 8835
734 5187 6112
735 3681 15
736 9688 3907
737 305 6072
738 1651 2540
739 8907 4564
740 610 123
741 2732 790
742 682 6600
743 5801 2112
744 346 6298
745 445 9236
746 617 118
747 4540 1039
748 1542 2233
749 5459 6486
750 5188 1410
751 5996 3433
752 5381 8225
753 4325 8510
754 3098 5752
755 9792 8160
756 8505 6475
757 1999 7255
758 6127 8532
759 5905 426
760 7741 8073
761 7545 3507
762 3404 9785
763 7656 5354
764 1440 1777
765 6978 5463
766 1948 9101
767 5372 1453
768 7288 3723
769 7186 9064
770 3567 1392
771 1021 3784
772 9076 6655
773 6157 5594
774 6110 2269
775 5876 874
776 2865 5923
777 159 152
778 4576 6181
779 9531 4201
780 6733 2378
781 2419 427
782 7590 2789
783 6278 2916
784 5998 4060
785 5258 8776
786 4288 8725
787 657 1514
788 8116 9300
789 1412 3661
790 2095 4267
791 9338 6821
792 5323 8961
793 9765 8246
794 2190 4724
795 8452 191
796 5760 5992
797 1598 2628
798 8282 5255
799 8527 7674
800 3906 6833
801 3167 1247
802 2410 7176
803 9608 5283
804 8542 844
805 1185 8281
806 3889 2652
807 1959 6726
808 8684 3155
809 9442 7146
810 3816 3092
811 7331 8287
812 7503 5030
813 213 6686
814 5975 7700
815 6115 5279
816 4780 1171
817 8561 7703
818 7777 8030
819 6460 5958
820 320 9473
821 3062 7811
822 3592 9880
823 6062 2021
824 7670 5164
825 798 9021
826 6101 8707
827 9830 5817
828 8809 9579
829 3270 9945
830 8960 607
831 1572 1528
832 7314 2207
833 4850 3400
834 5509 219
835 145 7227
836 5592 4468
837 9424 7345
838 619 382
839 1869 9187
840 3882 5450
841 8355 4205
842 5505 3802
843 1492 2143
844 1761 8442
845 5239 9367
846 2270 7261
847 4714 1784
848 5567 5910
849 563 716
850 491 1848
851 5573 6710
852 9672 9915
853 3424 8797
854 797 2832
855 1782 2755
856 8794 5496
857 3518 1921
858 2309 3166
859 17 2825
860 3415 5629
861 4844 6310
862 3104 3783
863 1512 5532
864 8814 5870
865 8779 5906
866 8727 1208
867 6171 9974
868 3168 118
869 8656 3920
870 4451 6988
871 5955 5645
872 203 3683
873 9521 1140
874 6151 3083
875 8586 1116
876 4075 4109
877 6391 3140
878 28 3333
879 7764 1815
880 8829 3686
881 9701 3493
882 8438 2125
883 2913 2711
884 7877 9638
885 1280 5817
886 7472 5385
887 4684 6426
888 2493 6632
889 5383 1313
890 7383 6338
891 9466 7874
892 7423 5521
893 1339 3312
894 903 2142
895 9518 3500
896 2797 4605
897 1560 8087
898 8168 4316
899 7791 3620
900 1527 8123
901 2068 9167
902 180 2084
903 233 5240
904 8178 2930
905 7624 4356
906 3860 7738
907 428 1772
908 141 2533
909 6435 9141
910 1808 9505
911 3841 7494
912 2382 8238
913 941 4672
914 5523 5758
915 6773 8569
916 1737 7131
917 7868 9841
918 7574 1005
919 7559 2330
920 9412 805
921 8518 870
922 9289 7734
923 7864 1176
924 2741 4906
925 7008 3525
926 5387 5524
927 4352 6596
928 3629 8149
929 4411 2013
930 248 3390
931 5983 9611
932 47 5357
933 4755 1116
934 3935 2886
935 6205 328
936 3599 610
937 9731 3200
938 9697 7440
939 6110 328
940 1423 2044
941 2165 7529
942 6101 3434
943 5271 4719
944 775 9951
945 2099 5143
946 2829 9972
947 3347 2004
948 6486 896
949 2715 9558
950 7747 1752
951 5090 1552
952 9325 6883
953 5137 6698
954 9257 6979
955 5354 3001
956 8182 6510
957 5782 2788
958 9979 3153
959 9239 3264
960 505 5953
961 4646 630
962 781 830
963 6073 2517
964 3638 1344
965 919 9554
966 2794 9343
967 1995 6321
968 241 1734
969 1367 1994
970 8924 6429
971 78 1913
972 6460 5084
973 3749 5710
974 7809 2600
975 1412 3286
976 718 4213
977 210 4415
978 894 1880
979 1965 4544
980 3511 6067
981 7699 5564
982 6804 3705
983 8672 8212
984 6527 9363
985 6470 6524
986 4404 852
987 2714 7747
988 8932 1892
989 8324 6971
990 5993 1354
991 6418 135
992 7406 4687
993 2853 1429
994 8950 861
995 5234 7944
996 2205 239
997 9062 4272
998 2610 1857
999 6869 9875