0 4651 3719
1 103 4846
2 7925 1044
3 8888 4125
4 8977 211
5 4583 9359
6 5468 8029
7 2195 2436
8 3280 1687
9 4827 9613
10 1597 3798
11 8192 5931
12 1710 3936
13 1289 5727
14 5050 7372
15 1622 2741
16 6609 2436
17 4324 1696
18 3604 8085
19 4586 6386
20 9375 7003
21 9444 2124
22 3179 180
23 6202 4574
24 8954 6731
25 8572 8493
26 8492 6932
27 7777 3980
28 2939 1397
29 4872 1260
30 4483 8343
31 5809 3169
32 3695 4705
33 3935 9004
34 3554 9559
35 1731 6172
36 7763 3200
37 7537 8749
38 3978 3965
39 1378 7556
40 1776 241
41 3344 9733
42 4112 1738
43 2246 6685
44 6323 1646
45 2193 1535
46 2599 254
47 2474 1793
48 1931 6800
49 5456 9296
50 9967 220
51 1820 2594
52 6130 3891
53 1089 2825
54 4002 7781
55 613 7486
56 4116 3821
57 2697 2304
58 2558 7756
59 6977 8739
60 7510 7149
61 737 8855
62 2794 7377
63 4587 8575
64 4208 9246
65 5329 6881
66 4541 8704
67 8912 2203
68 1810 7078
69 6442 2113
70 1201 887
71 197 1238
72 2165 1073
73 1477 8572
74 7148 2231
75 6963 7021
76 8478 3769
77 2822 2820
78 1324 525
79 1380 1778
80 6376 4255
81 9149 9120
82 8074 377
83 6407 8978
84 7026 7069
85 2448 7831
86 5867 3471
87 1668 607
88 3131 4329
89 9718 2133
90 4492 6453
91 9756 2340
92 8144 138
93 3701 9536
94 6081 9399
95 7310 8691
96 9660 5520
97 9 5513
98 9079 1314
99 4119 8841
100 9505 5583
101 2101 5181
102 2062 8890
103 7329 9148
104 3659 2094
105 9567 8148
106 7959 7954
107 6863 9009
108 4445 7206
109 6259 5736
110 3891 6994
111 2087 5934
112 5245 3165
113 12 4838
114 7763 7832
115 8949 5438
116 8655 8614
117 4590 5306
118 4676 3353
119 3118 8416
120 1104 9941
121 3072 1700
122 5570 4143
123 1366 710
124 3965 7844
125 1998 6947
126 2579 596
127 885 8813
128 3996 4371
129 8797 16
130 4365 5814
131 4399 4398
132 7781 5892
133 9401 9631
134 4698 3106
135 3475 7522
136 309 5738
137 2454 2120
138 9262 6197
139 7626 9947
140 1294 6818
141 3432 9465
142 7459 57
143 6340 5033
144 8807 7706
145 871 8353
146 5732 1650
147 5063 621
148 1848 7557
149 7177 1783
150 6671 4075
151 7564 4191
152 6973 8503
153 66 1453
154 5887 3319
155 5316 2147
156 4379 706
157 2950 666
158 5759 7744
159 1555 466
160 9934 6992
161 5912 3719
162 6757 4555
163 499 9297
164 5696 589
165 1199 3649
166 2840 9550
167 1478 7223
168 1454 6464
169 5806 1679
170 2705 7066
171 7112 2523
172 8511 2837
173 9743 9488
174 7038 5164
175 5494 4116
176 3461 1860
177 6621 2034
178 1129 7476
179 5708 7244
180 3407 1760
181 2858 3192
182 3906 8534
183 3808 8580
184 5818 3952
185 5177 2664
186 6280 6502
187 3383 7544
188 4065 9601
189 362 8073
190 8351 3969
191 4652 3746
192 2808 7315
193 3115 5863
194 616 1101
195 9159 4736
196 302 644
197 8554 2829
198 6213 8658
199 9603 8181
200 4354 6720
201 3296 6571
202 2043 5457
203 667 7403
204 3094 5788
205 6656 8547
206 4201 8824
207 527 7248
208 6217 4229
209 3389 1947
210 4363 9447
211 4644 2246
212 8063 745
213 7841 6032
214 1571 3348
215 7561 726
216 5145 8985
217 8701 3115
218 8285 6423
219 5904 4181
220 6937 5851
221 9926 4940
222 9651 9793
223 1293 5514
224 7653 6621
225 707 1422
226 904 1849
227 6210 9941
228 2706 5734
229 7828 2249
230 2158 7424
231 3616 517
232 943 5796
233 7686 8556
234 2914 3717
235 7369 5971
236 3623 695
237 8838 5107
238 1564 8016
239 9925 3142
240 1327 1315
241 318 2621
242 7861 4990
243 6311 5764
244 4551 9477
245 4775 8176
246 7545 5665
247 68 4633
248 251 8837
249 3236 7445
250 2865 7383
251 1634 2870
252 5533 4431
253 7803 1380
254 9789 9870
255 6551 659
256 6697 4710
257 6459 9285
258 2204 6554
259 8089 6430
260 7251 9053
261 6523 8044
262 4951 322
263 2783 9658
264 5044 1440
265 7107 4882
266 5748 1479
267 1193 7422
268 9696 4004
269 6919 8886
270 8145 8337
271 2593 3960
272 8766 7424
273 9689 1060
274 1212 3614
275 7387 2418
276 1711 414
277 2908 6953
278 7344 3746
279 1948 2051
280 9118 3371
281 8043 4218
282 1192 9938
283 9996 8016
284 5292 5130
285 8251 4547
286 1591 6425
287 144 3340
288 4908 6414
289 2329 7569
290 3327 2290
291 6254 9776
292 4044 4365
293 2950 8925
294 94 6082
295 4566 9914
296 9590 7653
297 4596 9888
298 214 4915
299 4834 1987
300 761 2126
301 5505 3133
302 2964 3343
303 1908 3492
304 2902 7306
305 702 9528
306 5368 8435
307 4147 5489
308 1199 5312
309 1364 2336
310 2649 6061
311 1686 1586
312 7149 2514
313 6138 9956
314 3351 3482
315 5271 8641
316 5081 5666
317 8941 5480
318 72 9392
319 6612 36
320 998 585
321 9215 8488
322 1704 9997
323 802 3689
324 1784 4667
325 5521 5184
326 6758 2303
327 6440 9087
328 7759 4129
329 49 7171
330 8848 8115
331 4183 4934
332 2655 3648
333 3353 73
334 4173 5120
335 2772 1551
336 1793 9698
337 1818 8792
338 3160 7977
339 6257 7333
340 9571 5644
341 7284 4205
342 1360 1296
343 3423 878
344 6580 5748
345 6261 887
346 1917 607
347 1479 3172
348 1414 3043
349 8886 7815
350 3487 5719
351 1148 475
352 2095 1609
353 1871 2025
354 2218 2593
355 830 7045
356 9210 6758
357 2582 4637
358 1408 4060
359 5511 1620
360 9112 3657
361 65 8163
362 2906 9563
363 3669 9653
364 9410 1855
365 1762 776
366 1574 9770
367 5657 7340
368 780 7384
369 7583 6043
370 14 9967
371 1203 7693
372 7495 8273
373 755 7808
374 2115 6970
375 1657 9283
376 4986 6093
377 4567 1158
378 1192 4155
379 775 4841
380 286 9100
381 5038 2801
382 4089 7984
383 3861 3733
384 8141 6989
385 8287 7684
386 1350 8459
387 9302 8593
388 5470 8553
389 4390 5547
390 6759 9895
391 986 2813
392 7810 1354
393 2309 9094
394 4531 7522
395 3371 8698
396 1424 7445
397 2968 962
398 9780 2035
399 4628 7431
400 2638 6563
401 3459 9233
402 6281 4889
403 4389 7912
404 2933 1811
405 3378 4906
406 7423 3935
407 2436 9404
408 8472 1128
409 9285 3245
410 2392 5690
411 4923 5872
412 6182 9396
413 4044 2098
414 1040 4154
415 1948 5147
416 743 4081
417 7412 3442
418 7157 4249
419 5275 4462
420 8263 8129
421 1692 138
422 7623 1645
423 6962 2375
424 1810 8253
425 5177 6228
426 4356 7800
427 6280 251
428 1451 4294
429 4860 6065
430 189 7549
431 1472 986
432 399 7673
433 4238 1305
434 400 9352
435 5147 8972
436 2658 5716
437 9634 1089
438 5983 3536
439 8025 6170
440 1021 3702
441 7053 7793
442 5957 5679
443 6625 6396
444 3494 5814
445 5153 3114
446 6780 26
447 6188 4564
448 7056 4351
449 6981 2193
450 1464 3194
451 5680 5761
452 1004 5042
453 5106 9031
454 9372 2689
455 5258 3508
456 8677 7808
457 3554 5081
458 8566 1927
459 1793 8070
460 2929 9776
461 6762 4573
462 779 403
463 6185 3271
464 5250 242
465 4724 8226
466 4224 2643
467 703 1873
468 7077 8911
469 1653 2128
470 2273 8508
471 3090 6994
472 5599 227
473 5817 7893
474 645 1527
475 4086 7007
476 1851 8415
477 1861 9090
478 9293 4127
479 6715 8867
480 8181 7705
481 3749 2660
482 5920 8407
483 5539 9548
484 7034 7508
485 1070 5535
486 4792 7438
487 3847 1854
488 4137 6027
489 3440 7584
490 2696 8434
491 1066 1364
492 5507 4966
493 8736 4515
494 137 6003
495 7671 632
496 8926 5304
497 411 6391
498 141 4436
499 8048 106
500 961 9517
501 8238 1511
502 2761 5430
503 6138 9673
504 8151 8265
505 9673 2800
506 2175 279
507 8668 3008
508 5994 8255
509 7049 9952
510 7494 5991
511 7321 7972
512 8891 4725
513 7328 4025
514 3056 5635
515 2098 6705
516 3765 5320
517 8750 1517
518 1783 1728
519 9837 8221
520 5765 1890
521 7929 7881
522 6993 3332
523 6423 7582
524 8320 533
525 7499 6725
526 1675 8776
527 2957 548
528 1613 3536
529 9638 5397
530 5380 3085
531 6920 8221
532 5175 9766
533 239 9263
534 2371 475
535 5362 5216
536 2275 8943
537 1365 1209
538 811 5099
539 5990 1793
540 9477 2668
541 6154 9875
542 8777 4732
543 5086 4593
544 357 192
545 3690 7905
546 3468 285
547 8014 1620
548 6193 560
549 7884 2556
550 3697 9745
551 5576 7407
552 4152 6004
553 1755 8931
554 6078 9164
555 9901 2209
556 380 4740
557 8666 4154
558 1706 4071
559 7761 5771
560 678 2559
561 8674 9428
562 425 6908
563 9129 9990
564 7507 248
565 9306 1672
566 7779 2761
567 4713 1668
568 5479 4136
569 4084 5435
570 6445 6785
571 2434 9106
572 8345 7045
573 1801 1416
574 7545 5011
575 4828 9098
576 7533 6438
577 3547 2727
578 1254 6840
579 8504 4236
580 489 9202
581 223 8670
582 5850 1653
583 9178 4448
584 6476 7975
585 8557 7514
586 4241 5236
587 5506 737
588 8499 5667
589 4241 716
590 3933 5443
591 1818 2890
592 9652 4402
593 8297 2424
594 8251 9724
595 4698 5039
596 360 4440
597 523 4612
598 7689 8367
599 4340 6911
600 2003 6660
601 6798 280
602 479 7578
603 8863 236
604 8195 6706
605 4424 2963
606 4820 1349
607 6967 5612
608 412 7514
609 3708 108
610 7447 2674
611 8465 8783
612 1970 9194
613 1240 8424
614 3312 6437
615 5737 2644
616 3296 4116
617 1579 767
618 654 6809
619 3549 74
620 1428 7902
621 8419 3411
622 6456 6839
623 384 2430
624 1731 186
625 5316 7988
626 4640 7703
627 8753 4901
628 6729 7566
629 5928 9527
630 7536 8835
631 403 5073
632 453 6951
633 5490 667
634 5888 519
635 9302 1070
636 8701 534
637 8501 5801
638 6865 5496
639 2519 4258
640 5666 6671
641 5842 2091
642 3028 9742
643 514 9700
644 8793 862
645 9259 9284
646 5718 365
647 5917 8413
648 6563 4524
649 464 3710
650 1945 6104
651 9524 1003
652 4784 3927
653 7521 3493
654 6955 7457
655 7748 44
656 3052 252
657 3238 4847
658 3144 7662
659 1960 920
660 6315 932
661 9575 2383
662 9906 8546
663 8830 2094
664 1162 8979
665 6064 759
666 3459 1310
667 120 4889
668 6747 2608
669 1720 9336
670 9538 7107
671 5180 4596
672 3266 8972
673 796 1056
674 7115 9268
675 1108 8690
676 9545 1156
677 2838 1066
678 3983 5168
679 3860 2062
680 5236 5008
681 9298 813
682 709 9983
683 7537 1638
684 7066 2772
685 6095 9794
686 4926 416
687 92 8362
688 1857 9435
689 894 4317
690 5311 3162
691 7802 2142
692 3267 6185
693 6221 9479
694 4557 8104
695 2213 9851
696 462 1146
697 3198 8010
698 6920 7888
699 8528 2893
700 5853 5243
701 9923 1528
702 5939 1960
703 1780 4823
704 7699 9469
705 1482 2544
706 1819 9002
707 7579 6910
708 3648 4777
709 7142 6757
710 8508 9183
711 2155 9348
712 9111 7152
713 6070 374
714 8025 8946
715 6201 1029
716 4282 6592
717 2922 3014
718 6744 508
719 6072 8858
720 6356 1088
721 268 7666
722 7993 5582
723 9840 3375
724 583 1579
725 5072 1267
726 5950 632
727 476 5318
728 4475 5469
729 2317 3542
730 9588 8880
731 1267 9406
732 7540 2517
733 2771 4455
734 308 2495
735 1252 6949
736 1487 4640
737 1781 1527
738 259 6942
739 2733 3163
740 3424 4171
741 6345 9841
742 860 6810
743 573 9380
744 3614 5188
745 1384 4507
746 7268 8703
747 7386 9872
748 5744 238
749 2252 3159
750 5699 8008
751 2572 7344
752 2983 6910
753 5188 4276
754 8267 5100
755 6259 6795
756 8159 2955
757 4845 9228
758 2084 4284
759 4627 8796
760 4743 2735
761 4186 6433
762 6618 4634
763 2769 1065
764 4629 7898
765 1935 543
766 4275 2565
767 2271 315
768 2637 1948
769 3446 6600
770 5391 8142
771 4889 732
772 1363 6047
773 7557 4329
774 35 6671
775 1814 4738
776 3172 9544
777 6524 2871
778 8741 3826
779 1088 1037
780 3803 1190
781 9809 2007
782 5824 4932
783 8349 9242
784 1334 1300
785 1847 581
786 4614 7954
787 8662 1496
788 5104 7536
789 5772 9722
790 6212 2962
791 2196 5151
792 8867 7083
793 1123 4542
794 6050 8865
795 6932 1373
796 5509 3252
797 7092 8329
798 4182 2054
799 4736 1833
800 2173 57
801 6915 5679
802 7671 1907
803 7264 2752
804 7665 7910
805 547 4131
806 5247 5746
807 1062 9234
808 3892 4204
809 1022 1748
810 7304 1046
811 7642 2542
812 2670 5495
813 6173 9810
814 4651 4837
815 2693 8655
816 6 4675
817 1042 5222
818 6174 5938
819 2688 1501
820 1519 9327
821 9488 6764
822 1482 4868
823 1788 2416
824 4775 3725
825 347 8139
826 2916 7606
827 4851 6445
828 8321 7210
829 3354 7184
830 5878 7489
831 1377 5817
832 731 248
833 5229 7183
834 4165 6670
835 7167 3067
836 5401 4045
837 6276 7831
838 363 1844
839 9494 9032
840 4357 22
841 7713 6720
842 2108 199
843 3864 1034
844 1006 8662
845 5811 1640
846 9007 3387
847 1755 5499
848 6365 2420
849 9857 4923
850 1402 7235
851 9359 6721
852 5567 2395
853 3870 7178
854 6789 1423
855 7653 9525
856 5062 1645
857 8630 171
858 9133 8384
859 961 4959
860 5908 7341
861 1434 9167
862 832 1495
863 7947 1894
864 4331 1424
865 4360 7714
866 6081 844
867 6961 1418
868 9010 5521
869 4066 3201
870 6332 629
871 3546 2786
872 7350 4718
873 4565 3376
874 5495 922
875 7979 600
876 3767 9562
877 6414 9698
878 5203 5364
879 5431 4388
880 436 3674
881 9762 5757
882 9316 8956
883 9277 7591
884 5130 8618
885 4481 7547
886 4595 4196
887 7161 9959
888 748 9215
889 6974 7185
890 9000 9191
891 3071 3774
892 5501 9455
893 6483 587
894 4161 4492
895 6848 2356
896 753 6844
897 8157 2217
898 1190 9391
899 5454 4653
900 3199 7832
901 1507 4755
902 4522 8513
903 5501 5742
904 7979 2553
905 6142 743
906 6505 3995
907 9706 8614
908 7078 1150
909 8152 46
910 3673 2305
911 5946 6279
912 3444 5486
913 6047 3978
914 2638 5992
915 846 3478
916 9029 9087
917 5042 4835
918 9307 7841
919 452 5224
920 9460 8034
921 1690 93
922 5318 4746
923 7194 1245
924 7900 9846
925 4094 4052
926 2430 6652
927 6201 9837
928 309 6217
929 8892 1058
930 4450 8941
931 9867 4856
932 5621 5873
933 9811 3755
934 11 5453
935 7228 7185
936 2795 932
937 1874 6991
938 9339 6866
939 5993 2294
940 7051 1308
941 9604 5200
942 6636 7448
943 9011 9689
944 9085 3426
945 9488 8429
946 8061 6341
947 4050 6794
948 3617 9237
949 9186 9094
950 8374 802
951 140 1518
952 5170 3478
953 824 551
954 6593 1133
955 9074 7611
956 6439 5785
957 6260 8288
958 7306 3227
959 8133 8000
960 169 2143
961 6636 7095
962 8375 6125
963 6682 8498
964 5813 3161
965 9490 6102
966 4687 2743
967 1285 1419
968 3301 9358
969 2230 5284
970 4583 2751
971 7304 4134
972 3125 8844
973 6061 532
974 2040 4651
975 8198 7472
976 1200 5806
977 4540 3960
978 4134 1651
979 1691 7159
980 8704 3164
981 2495 2216
982 8638 9632
983 1328 6399
984 5358 613
985 1330 1743
986 4847 9561
987 6633 3336
988 8219 6745
989 6619 8396
990 946 4292
991 2256 5704
992 1506 749
993 5061 6522
994 7458 4172
995 6537 6865
996 1182 4051
997 3055 1811
998 3456 3235
999 7238 6799