0 2709 5876
1 7394 3814
2 6185 6433
3 281 4516
4 5102 592
5 1783 1896
6 9224 1877
7 2285 987
8 6173 2785
9 4007 5285
10 9431 2144
11 4246 8541
12 3346 7454
13 5465 9731
14 8430 8189
15 9467 573
16 1099 8048
17 6594 9555
18 2261 2037
19 4328 6103
20 8507 5358
21 8902 9543
22 1502 2670
23 4400 6371
24 5695 6704
25 1570 6100
26 1038 3821
27 13 9563
28 7509 6078
29 5762 397
30 4003 3273
31 6996 9244
32 1148 8001
33 7577 5550
34 2893 9139
35 7961 3447
36 2315 5584
37 4927 6054
38 576 4405
39 7179 8580
40 6197 3445
41 220 3741
42 2908 662
43 2966 2180
44 5622 5092
45 1311 1229
46 6377 7966
47 7009 8550
48 6513 6924
49 5209 8584
50 3475 1633
51 2317 3115
52 3419 4928
53 6892 5231
54 2282 6084
55 9295 8130
56 8193 3319
57 1506 3167
58 2467 1687
59 5522 7182
60 637 8362
61 2000 7607
62 9116 6056
63 6037 5566
64 8231 6047
65 6868 2547
66 7622 5709
67 2672 4729
68 353 490
69 5332 2097
70 62 6747
71 5536 7419
72 2962 7406
73 2778 3903
74 2215 1363
75 1638 6937
76 9922 9017
77 5923 3175
78 9610 2621
79 5966 7563
80 1196 7637
81 9895 7361
82 5783 6876
83 1006 580
84 2879 452
85 7 9633
86 5709 3483
87 5222 926
88 1577 6813
89 1099 8989
90 1955 9033
91 8722 8870
92 207 7015
93 6869 7536
94 6867 8493
95 3614 7097
96 1872 5048
97 4220 4307
98 5041 7748
99 7668 5466
100 3733 5231
101 2406 3848
102 9706 2737
103 9458 1314
104 1182 8899
105 4373 7132
106 4387 8757
107 5525 2531
108 3808 8651
109 562 1929
110 3848 7303
111 8061 195
112 6739 5866
113 3165 1231
114 1126 3791
115 8360 2030
116 7707 1722
117 5052 3825
118 8561 6858
119 7306 3088
120 6953 8745
121 8450 3316
122 2740 5856
123 9291 2999
124 4041 4541
125 511 2061
126 3313 2357
127 1557 3909
128 6047 6614
129 6312 1372
130 1012 5628
131 6362 6384
132 8558 1161
133 5656 7456
134 1775 48
135 7150 9194
136 1637 491
137 9969 3495
138 4433 4701
139 178 5957
140 9583 597
141 426 1930
142 7054 8664
143 2125 1456
144 3233 7954
145 3066 735
146 1968 6273
147 9414 1858
148 8385 3359
149 4093 211
150 8524 2637
151 5287 7820
152 1326 3698
153 9207 5576
154 974 6573
155 1828 3437
156 1977 4814
157 7578 3876
158 451 838
159 403 8246
160 1583 6372
161 7468 3659
162 176 2515
163 2689 2662
164 2478 1015
165 4879 143
166 7666 9652
167 8508 3800
168 5774 3499
169 6914 3652
170 5020 561
171 3404 1230
172 5473 1079
173 2853 9766
174 3198 4425
175 2248 7296
176 8891 844
177 5738 2101
178 5761 5244
179 1927 689
180 723 1024
181 6940 6176
182 2488 6304
183 2130 948
184 7202 2535
185 5847 9023
186 7130 887
187 2773 5249
188 3417 7602
189 7111 2151
190 3385 7244
191 7990 4462
192 3596 3160
193 4955 6983
194 7244 3027
195 8708 7340
196 9961 361
197 1149 8599
198 3491 9638
199 9813 6763
200 8145 7831
201 5740 9770
202 3551 5758
203 3238 6810
204 7375 4623
205 9357 4597
206 6645 7859
207 3927 1191
208 2931 8764
209 3394 9148
210 767 484
211 7851 3305
212 2096 8759
213 7750 7779
214 4627 8719
215 9516 4927
216 8030 8074
217 4922 2437
218 304 9530
219 4329 9572
220 8030 528
221 5998 5315
222 9532 1627
223 3265 6912
224 4158 5490
225 6226 1817
226 9758 6485
227 8748 9466
228 5102 1273
229 2022 1493
230 4401 1494
231 9342 5215
232 2797 19
233 7740 6554
234 1628 871
235 5578 8605
236 7177 9548
237 8868 9547
238 309 1753
239 7329 4515
240 2489 2718
241 8287 5298
242 1721 5490
243 2327 7083
244 7018 3655
245 5671 4557
246 9735 8651
247 7957 1426
248 3226 601
249 7220 4304
250 8508 1061
251 7834 952
252 4048 6758
253 4399 2509
254 7746 9597
255 1131 3621
256 828 650
257 224 7288
258 1307 1932
259 952 8419
260 2418 4669
261 9620 9161
262 1807 2130
263 1127 969
264 4108 4565
265 7159 7140
266 7828 4407
267 3483 5313
268 8474 9007
269 5552 1987
270 2573 9732
271 7045 3378
272 8169 7497
273 3321 7450
274 643 5992
275 8686 6586
276 9853 8887
277 6190 7683
278 4636 3245
279 1892 637
280 187 3649
281 1742 5471
282 3609 3025
283 2318 6826
284 2622 9806
285 2591 2340
286 5914 3447
287 1026 4309
288 8780 3149
289 9352 8309
290 2048 7540
291 6247 1331
292 6517 9030
293 8161 9377
294 3990 2947
295 3764 5402
296 9428 2359
297 2546 7520
298 8354 3302
299 6108 2161
300 1277 9160
301 6075 2607
302 8487 589
303 7745 6523
304 743 5991
305 698 1129
306 8344 7472
307 7044 4240
308 414 7932
309 459 5857
310 1721 6056
311 966 4186
312 4826 8658
313 5411 6607
314 7370 8261
315 9563 9691
316 4770 2130
317 932 2504
318 8470 8460
319 6800 6493
320 6631 7943
321 2063 2666
322 3705 1351
323 8968 9449
324 2604 8806
325 6836 7211
326 1518 6241
327 9025 7849
328 3411 599
329 8114 4629
330 4105 6009
331 469 2733
332 3306 7900
333 1136 5542
334 6373 6090
335 8529 8202
336 1050 9730
337 1467 1360
338 9270 3241
339 7938 4364
340 6392 4300
341 4945 7120
342 4824 106
343 9648 4752
344 1509 7530
345 9531 1557
346 5365 5302
347 7082 7152
348 1404 4535
349 6354 2724
350 3235 6110
351 7069 4374
352 5565 289
353 5007 3773
354 8758 8359
355 6423 2988
356 965 1404
357 594 6283
358 5713 6500
359 6769 7556
360 6262 8419
361 2105 8855
362 6282 6629
363 1562 7118
364 356 1706
365 413 6324
366 6731 7426
367 1936 9879
368 3358 5343
369 6991 292
370 4388 1762
371 173 7700
372 4312 7296
373 4291 571
374 4146 916
375 2935 1170
376 4934 9032
377 4359 4065
378 807 4172
379 4341 4124
380 4785 2091
381 2101 4759
382 2216 4596
383 8696 3800
384 7442 6034
385 4922 9203
386 928 1175
387 8742 7045
388 7080 8237
389 7158 7543
390 303 9251
391 1155 9441
392 6786 1793
393 8856 5764
394 4539 9034
395 2671 3972
396 747 8850
397 6696 5797
398 1743 3567
399 1692 8723
400 1626 9561
401 6590 507
402 5984 6619
403 7022 8842
404 3945 2978
405 6327 8669
406 597 1591
407 9657 9254
408 9157 2574
409 8451 6431
410 1379 348
411 3346 4540
412 5477 6176
413 3900 2842
414 3692 2794
415 7472 7981
416 3755 460
417 1937 5969
418 3773 1383
419 4021 6202
420 2693 682
421 35 4566
422 9067 5701
423 7625 4130
424 6400 760
425 3930 4003
426 4326 2914
427 2292 6812
428 867 1350
429 3841 8103
430 3451 6920
431 9990 4357
432 6840 8061
433 3329 9463
434 5121 503
435 3504 7326
436 4045 3876
437 190 9442
438 6879 2181
439 5111 2807
440 505 5619
441 2824 4926
442 622 1818
443 6244 7641
444 5495 7343
445 3524 3523
446 5194 5239
447 2070 9217
448 5960 7952
449 4205 3627
450 110 8572
451 4900 3498
452 6273 2819
453 2464 8789
454 3001 6015
455 3928 6918
456 6232 8165
457 4126 3976
458 6544 2391
459 7847 8039
460 8525 4892
461 6582 4616
462 4082 6994
463 5640 7910
464 2433 8446
465 8986 2201
466 9388 136
467 3287 7780
468 8720 3686
469 6467 714
470 1552 2376
471 3903 8913
472 2773 863
473 3625 1790
474 9266 8297
475 2803 3776
476 3934 8749
477 4517 9283
478 1470 7980
479 5717 9903
480 5356 6561
481 9214 2831
482 5702 5309
483 129 9795
484 7108 7570
485 681 9192
486 9246 9634
487 8420 2458
488 2826 1370
489 8037 283
490 1235 6762
491 5851 9417
492 7063 6438
493 7045 1277
494 5992 1615
495 7998 8140
496 8536 9523
497 4260 8233
498 8269 846
499 8415 6131
500 7244 8326
501 2120 6751
502 2068 1661
503 1478 1876
504 5038 6305
505 9465 8800
506 771 5242
507 8574 5671
508 7572 2222
509 8818 6423
510 4369 3909
511 9924 1034
512 5096 162
513 6713 8900
514 9649 2953
515 6645 5090
516 4888 611
517 6966 711
518 6339 9564
519 4873 9311
520 8162 3458
521 7724 2429
522 862 793
523 734 8231
524 171 2161
525 7093 1626
526 9942 2423
527 8920 8583
528 6916 9670
529 1010 6115
530 5753 1572
531 1049 600
532 567 3478
533 3881 1731
534 4578 6977
535 6529 1007
536 4278 5779
537 91 3591
538 3813 9273
539 7156 316
540 632 1688
541 7510 2150
542 6864 7693
543 6275 4635
544 4475 3293
545 8584 2478
546 9788 7204
547 9926 2310
548 8348 989
549 9477 39
550 3291 3590
551 2065 866
552 7963 2789
553 5434 6023
554 5267 9386
555 4717 9631
556 3653 5053
557 2681 2763
558 7624 2274
559 4503 5143
560 9480 7114
561 3762 7933
562 9096 1011
563 6375 3434
564 2486 9867
565 762 615
566 9723 5756
567 801 4257
568 9861 9896
569 8671 5162
570 9207 3172
571 2120 4249
572 4797 6823
573 4409 6655
574 835 3233
575 1603 6475
576 4587 7318
577 1745 8705
578 3555 5832
579 7821 9319
580 8759 1338
581 3555 4829
582 8234 1143
583 5742 1166
584 6178 5432
585 8467 6945
586 5337 1449
587 3738 3538
588 591 1595
589 9510 3815
590 2239 6439
591 2634 5959
592 9846 7084
593 5013 6844
594 552 3968
595 4476 5929
596 4904 4394
597 3500 5363
598 7738 5352
599 6154 3790
600 4434 4553
601 9282 4802
602 7434 834
603 8150 8131
604 6514 1325
605 966 6665
606 8608 7545
607 3293 8585
608 2346 3417
609 2400 8108
610 5102 5798
611 4533 9449
612 2303 8987
613 5348 3579
614 1154 5635
615 2954 2266
616 2649 8930
617 3976 9254
618 615 893
619 8539 7497
620 5590 1269
621 8153 7882
622 7796 5017
623 8997 2853
624 9224 6007
625 3088 3359
626 2210 3860
627 3030 6288
628 1536 2438
629 2702 8762
630 5099 3086
631 9089 6346
632 8463 3182
633 8622 183
634 861 145
635 8782 1489
636 5075 9884
637 1000 7586
638 4287 7890
639 9780 5122
640 9040 7293
641 6101 8137
642 8491 2113
643 5336 6464
644 8381 7557
645 4871 5859
646 6978 6896
647 9429 6100
648 9149 3987
649 9547 9641
650 3050 4294
651 4835 1438
652 7956 6823
653 2500 3961
654 4569 2306
655 8159 5475
656 4508 8198
657 6674 481
658 9347 8312
659 4437 7950
660 855 9348
661 9425 5843
662 4037 8139
663 9611 5641
664 6157 527
665 4777 7926
666 7513 3271
667 9714 7974
668 3022 6062
669 4942 8163
670 5268 5381
671 1512 3227
672 3498 7779
673 5068 629
674 4241 3813
675 6170 8632
676 8366 5439
677 8437 7189
678 1288 4448
679 2560 2957
680 6000 6018
681 6516 9323
682 5116 5820
683 9996 50
684 8811 920
685 5901 9044
686 4761 4136
687 8837 4348
688 3260 7116
689 4096 7517
690 7934 4057
691 6903 2904
692 8741 745
693 6614 1879
694 4579 3
695 2742 5752
696 356 6824
697 1268 8052
698 180 225
699 939 7894
700 5192 2536
701 6142 3312
702 1013 6059
703 2649 5359
704 461 6750
705 8807 5902
706 8633 5963
707 3140 9673
708 5043 4700
709 2140 3824
710 1583 3523
711 9506 5512
712 3272 6240
713 5294 1063
714 437 4311
715 9420 8983
716 2106 2182
717 6376 3781
718 2295 3065
719 4019 1640
720 460 3554
721 2207 8929
722 2671 3729
723 6174 3214
724 337 9757
725 8005 9644
726 7621 9304
727 6724 45
728 4751 6123
729 4358 6466
730 4369 1051
731 5783 3399
732 9332 4699
733 3913 5351
734 7186 4534
735 4670 2190
736 402 6030
737 5791 5999
738 5453 4913
739 8102 3650
740 429 8679
741 8716 1469
742 8178 2696
743 1648 8531
744 5584 6067
745 7617 2817
746 4032 2882
747 8968 7759
748 7749 413
749 3667 6805
750 54 4290
751 6719 4743
752 2192 1213
753 1821 4022
754 5484 7108
755 3739 2686
756 2359 1210
757 2244 35
758 4745 2527
759 693 2055
760 5827 369
761 1316 8619
762 9341 7526
763 4090 7471
764 1129 992
765 6033 179
766 5767 576
767 9319 2682
768 3372 4251
769 1694 2531
770 2528 8014
771 6486 1243
772 348 4029
773 8393 4854
774 7511 9661
775 1254 8021
776 8243 7384
777 3642 3176
778 7758 3843
779 1987 378
780 193 3296
781 8083 5313
782 1314 8484
783 7610 4249
784 2537 2393
785 5141 7879
786 2188 7811
787 3377 2088
788 4799 3976
789 5544 1773
790 4406 1307
791 2810 6775
792 8803 9345
793 6339 7521
794 1005 7804
795 3666 9670
796 274 1118
797 4547 4452
798 7333 5160
799 8169 9760
800 4358 8050
801 6401 8227
802 9353 6555
803 5365 6767
804 8039 475
805 6833 2653
806 7874 5845
807 8931 7435
808 4858 1128
809 2952 7667
810 2214 2498
811 3630 4954
812 4916 4006
813 7883 1141
814 7945 3347
815 8628 4945
816 1551 5136
817 859 694
818 1036 8712
819 9661 2267
820 3184 3207
821 7982 1777
822 2784 9153
823 3568 4677
824 8790 1027
825 6109 6333
826 2128 6942
827 1982 9652
828 5091 8001
829 8787 4647
830 5112 5818
831 5445 1004
832 9731 3100
833 4203 5624
834 8381 9392
835 5071 4504
836 7045 1610
837 725 928
838 585 1505
839 7607 2428
840 9074 5016
841 9660 5111
842 7227 6388
843 2324 5887
844 8842 3858
845 8926 822
846 5207 8021
847 1802 4983
848 5774 4258
849 2555 8585
850 2864 3525
851 2197 7706
852 3476 8515
853 892 3979
854 8368 479
855 3378 7537
856 1125 4467
857 4342 9139
858 8620 339
859 5289 4784
860 2755 1865
861 2888 9768
862 6518 274
863 6308 4419
864 6607 7785
865 7774 8266
866 2441 5937
867 6814 190
868 1468 5932
869 573 112
870 3199 9788
871 561 9349
872 1694 4078
873 5881 6738
874 5840 7804
875 1648 187
876 1561 7329
877 4410 1412
878 5224 8476
879 4867 7985
880 9722 9615
881 7070 6298
882 9779 2300
883 5815 4997
884 1408 627
885 4576 973
886 9311 3162
887 2075 7629
888 6729 9994
889 7250 9072
890 1053 7649
891 1852 4782
892 9716 3621
893 5077 5863
894 3500 2268
895 4281 6672
896 9478 2994
897 883 5254
898 440 4700
899 6029 4282
900 4478 7069
901 993 4100
902 1145 782
903 7588 4569
904 3271 255
905 9377 797
906 5548 3107
907 845 2251
908 9523 6310
909 8957 3210
910 8436 2910
911 3069 4779
912 8743 452
913 7281 2998
914 672 7934
915 4128 5411
916 3182 7816
917 4817 5775
918 1091 8133
919 3976 4558
920 5698 2864
921 1646 4682
922 4920 4861
923 8056 2771
924 8004 531
925 6491 1653
926 1275 7918
927 2282 607
928 7713 942
929 7102 1899
930 7377 2787
931 1151 4788
932 71 8555
933 1588 4399
934 7765 6701
935 4993 9665
936 1927 2281
937 5811 4946
938 1213 4519
939 9489 5542
940 5131 4837
941 7921 4541
942 1898 2611
943 4239 5194
944 7684 8826
945 1935 614
946 8268 5522
947 2564 857
948 6631 209
949 1426 9279
950 8346 4173
951 6040 6517
952 9105 2350
953 4268 725
954 6610 32
955 6683 2849
956 7269 933
957 1213 9832
958 1274 2970
959 7012 2995
960 585 1844
961 4210 5497
962 8114 3067
963 1481 9239
964 1358 7052
965 1219 233
966 9 9310
967 4170 3854
968 3409 7471
969 4034 7859
970 6879 2628
971 8806 7297
972 1801 4841
973 4854 9989
974 2449 2516
975 4018 3655
976 3087 9323
977 7359 6829
978 5973 5290
979 7041 7177
980 7228 5261
981 1301 7025
982 5434 7718
983 4053 551
984 3564 6851
985 4207 7323
986 8322 6973
987 1790 3680
988 952 3484
989 7191 3996
990 3441 9162
991 1912 8955
992 2959 6847
993 8147 9486
994 769 559
995 9237 7683
996 2724 1808
997 9557 6500
998 7508 8262
999 482 7993