0 4801 1964
1 1797 4071
2 8075 7324
3 258 4798
4 156 6851
5 7661 943
6 8285 3958
7 3212 2150
8 4387 5266
9 7193 4015
10 4045 9557
11 1912 1908
12 7111 8046
13 8030 7183
14 2271 5383
15 2782 789
16 7139 3981
17 7197 446
18 7275 3455
19 1413 8650
20 3723 5481
21 6645 322
22 2192 6882
23 4873 7613
24 979 1314
25 8020 4711
26 2765 1885
27 7800 8843
28 2707 4139
29 5530 4914
30 1162 8549
31 5359 2669
32 4149 5050
33 3032 7037
34 571 6164
35 7209 9435
36 9930 4327
37 1587 1146
38 9949 9322
39 3506 2852
40 5114 3272
41 8863 1979
42 9093 7695
43 1351 400
44 4883 6563
45 7963 6334
46 7885 1970
47 7866 8173
48 5614 2568
49 3620 8171
50 9697 5364
51 5573 3870
52 6215 6601
53 6783 9478
54 4962 6020
55 971 2532
56 5594 437
57 7788 1069
58 8137 6722
59 6684 2647
60 1067 4991
61 5071 3619
62 6152 3103
63 4488 6303
64 8039 4690
65 1240 9667
66 794 7690
67 5458 9854
68 4169 9632
69 2294 8045
70 7497 3765
71 4734 8436
72 8368 6365
73 4735 3408
74 1689 1292
75 3237 56
76 6839 9588
77 7781 6264
78 3749 9554
79 6838 6781
80 2945 9660
81 2528 4041
82 8316 8921
83 7175 2
84 6088 8164
85 2892 8808
86 679 9460
87 3782 6569
88 2177 8419
89 870 3785
90 7595 2602
91 3019 1861
92 1437 5972
93 6212 8207
94 1096 3146
95 53 168
96 8623 7583
97 1795 9810
98 7512 6264
99 3874 1942
100 4544 6570
101 613 5263
102 378 4939
103 2706 5158
104 5911 6349
105 7672 4447
106 8257 8063
107 4254 5167
108 3628 5243
109 6055 6918
110 2350 8365
111 1647 5345
112 2900 9532
113 1551 5639
114 7036 3712
115 7015 1372
116 1731 3847
117 1708 9431
118 2898 6302
119 5475 8452
120 8435 8412
121 2787 3178
122 7901 9631
123 7211 6272
124 8202 2360
125 7113 5565
126 1324 5873
127 6121 6532
128 7827 1709
129 1885 8270
130 4285 1272
131 3925 7367
132 6073 4662
133 896 4961
134 449 9923
135 6052 8582
136 4789 9909
137 7046 5382
138 5365 7095
139 6693 7405
140 4249 652
141 4600 7950
142 8306 7133
143 4899 8233
144 4497 2677
145 9328 8888
146 7916 5525
147 8214 9015
148 3911 719
149 8389 16
150 2454 8749
151 7365 3404
152 5637 7820
153 3748 4302
154 354 4874
155 2591 9282
156 8024 4364
157 7479 3707
158 1850 2130
159 281 4893
160 4370 1059
161 7600 5898
162 7561 2869
163 9 1641
164 2527 8527
165 295 8377
166 7879 1177
167 5083 359
168 734 4255
169 5794 2220
170 3912 2247
171 9312 7492
172 9066 3619
173 6908 7314
174 4295 2606
175 4009 96
176 5946 2965
177 5354 1803
178 9348 9412
179 7508 6241
180 6053 4173
181 5347 2571
182 9234 4304
183 7546 554
184 3015 1948
185 1344 1214
186 3069 3171
187 4270 4526
188 9487 6095
189 3777 1855
190 2346 5832
191 5003 8369
192 3187 1958
193 481 8557
194 5556 2
195 5756 6177
196 8101 9269
197 136 3143
198 2530 2988
199 3236 1570
200 3225 617
201 6624 2966
202 6715 9431
203 3245 9763
204 2748 3101
205 899 3220
206 6086 9525
207 2632 2153
208 9970 4784
209 3294 4369
210 5851 4615
211 9958 4759
212 210 3730
213 554 8602
214 7063 7131
215 58 563
216 1316 3646
217 9792 9847
218 795 9116
219 7437 6923
220 3813 8579
221 9746 1615
222 9721 7123
223 7781 338
224 324 5838
225 9469 5856
226 5591 5815
227 8963 2728
228 5259 5120
229 1688 5433
230 310 8235
231 9786 9136
232 6300 1996
233 7615 4199
234 4606 8169
235 707 1857
236 4465 4161
237 463 7777
238 8849 5314
239 6086 5559
240 420 8278
241 333 3827
242 5759 1076
243 5735 9099
244 2459 290
245 9519 8623
246 7874 6340
247 1925 4392
248 8993 2933
249 3269 7556
250 6330 4251
251 5043 486
252 1185 4876
253 4207 4404
254 4431 1022
255 4446 9890
256 9298 3685
257 720 6210
258 3813 4728
259 3144 2484
260 1971 5516
261 7418 6500
262 831 8322
263 6105 8175
264 4835 8208
265 3410 3016
266 9413 9537
267 3401 6712
268 6807 903
269 6544 2449
270 7871 7400
271 3378 8761
272 131 9645
273 6867 733
274 4753 9597
275 793 9127
276 582 4606
277 5005 4092
278 5676 9572
279 7923 7572
280 8277 1645
281 1345 2740
282 63 8065
283 6854 3955
284 6305 4610
285 6234 2095
286 3057 2374
287 604 574
288 4217 5887
289 5734 6502
290 3568 4798
291 2520 7812
292 6218 3067
293 6256 9461
294 688 5135
295 8706 9145
296 6241 705
297 4752 6471
298 2029 2123
299 306 832
300 1056 6394
301 7336 5420
302 5442 3903
303 1793 720
304 5104 5347
305 4231 6130
306 1527 7017
307 6173 8780
308 4786 8454
309 9995 4244
310 4546 4953
311 6169 3988
312 3398 7003
313 8972 3402
314 931 3537
315 9053 8090
316 4638 9304
317 4677 7528
318 558 9143
319 4593 5989
320 5132 4911
321 6796 1056
322 1361 3082
323 8004 5448
324 9552 1635
325 9066 8550
326 2154 6489
327 7952 5591
328 8899 9215
329 6808 3171
330 8785 3267
331 2700 144
332 8 2641
333 9790 9330
334 8672 322
335 9873 9298
336 4383 6571
337 2491 6743
338 6121 1719
339 1594 9253
340 361 1982
341 9600 9955
342 655 613
343 2940 2681
344 4592 7948
345 5925 8105
346 8727 6501
347 4967 3328
348 5586 9282
349 9813 9014
350 8856 9734
351 8251 978
352 779 4418
353 3088 2462
354 9448 5749
355 1584 6116
356 7373 7611
357 4870 5987
358 7559 6449
359 9125 603
360 784 692
361 1208 1515
362 3789 6942
363 7256 9386
364 7291 6909
365 2260 8716
366 4118 6381
367 1214 5646
368 4278 8653
369 917 4758
370 7763 6988
371 2204 219
372 7586 4677
373 7876 9599
374 2054 4431
375 8512 8898
376 3268 5088
377 0 4065
378 5452 9890
379 6791 1517
380 9359 1525
381 8452 3108
382 1126 3225
383 3987 2169
384 2410 417
385 5281 9436
386 4974 3285
387 7889 5901
388 8786 394
389 328 1209
390 1847 1753
391 1215 7144
392 2746 3956
393 2692 7973
394 1455 9155
395 7877 8614
396 4372 9291
397 6840 4228
398 2537 1521
399 5815 9882
400 3998 6087
401 686 7115
402 2163 1490
403 1806 1290
404 4630 3106
405 9257 6656
406 8138 913
407 7708 7005
408 6258 2267
409 5372 6345
410 1584 1473
411 5656 8686
412 5152 6027
413 1920 9733
414 5444 5910
415 407 218
416 703 9055
417 7188 3259
418 8768 6684
419 8537 7626
420 6511 5111
421 9495 9
422 3821 3398
423 7636 3005
424 3724 3839
425 5511 5561
426 3209 6481
427 7996 2702
428 9454 547
429 7302 364
430 9158 4721
431 6969 1813
432 8554 8930
433 6873 8861
434 9581 6849
435 7223 9861
436 7616 6767
437 6277 9703
438 6659 8116
439 2841 9561
440 5822 599
441 6903 1481
442 9138 8656
443 8896 1797
444 2684 4590
445 6873 5313
446 2169 7746
447 8402 4552
448 1011 4532
449 4028 7366
450 1885 7205
451 515 7929
452 7647 4068
453 4857 1338
454 6351 4939
455 7133 4376
456 9452 6327
457 3357 4271
458 6747 2550
459 3031 6162
460 454 101
461 2196 6873
462 3609 7601
463 5536 948
464 5653 6945
465 3334 7402
466 9380 7812
467 6434 9152
468 3394 5644
469 5869 2856
470 9952 4676
471 3914 7132
472 6731 4243
473 7215 8854
474 336 5317
475 8556 5403
476 7680 8116
477 4224 8690
478 1735 8569
479 6104 7385
480 6268 5512
481 6832 3328
482 3991 2176
483 8203 7899
484 8806 8834
485 7026 8626
486 9611 2936
487 9382 7052
488 7671 519
489 3165 8624
490 6440 5891
491 2021 7120
492 4391 7706
493 5751 779
494 4474 5405
495 9976 8824
496 3583 7479
497 9002 353
498 9204 4456
499 8 4146
500 6799 7502
501 7797 1223
502 1611 761
503 8112 6738
504 6150 6213
505 5083 8157
506 2317 5611
507 5634 1361
508 2617 8190
509 8937 1940
510 7971 6487
511 2177 7696
512 3008 397
513 1704 1578
514 8138 6041
515 474 8702
516 4141 9842
517 7504 8672
518 6295 1452
519 2055 6684
520 6072 5729
521 861 5753
522 5932 8457
523 4668 728
524 1409 831
525 2202 2904
526 2156 8181
527 7740 5713
528 393 8290
529 6151 8475
530 2544 323
531 9826 4446
532 2576 7907
533 8601 4999
534 6006 7421
535 4154 9863
536 8228 8833
537 2674 2401
538 5157 5950
539 8561 3634
540 6867 424
541 7090 7298
542 5474 8702
543 4481 7118
544 2926 454
545 1359 6108
546 2385 9133
547 1403 9695
548 4919 9261
549 9633 5374
550 6608 7544
551 2707 7125
552 3055 6971
553 1711 3437
554 125 989
555 1160 7319
556 7319 1055
557 8491 8968
558 5739 3999
559 1578 5741
560 5322 7664
561 1248 5965
562 3442 2181
563 2569 3708
564 1518 998
565 7571 2809
566 2213 5039
567 5813 479
568 4275 7862
569 7446 9350
570 4116 8517
571 3619 7527
572 8394 5885
573 8055 9862
574 4230 5551
575 5 7560
576 9880 927
577 7978 5762
578 3263 2525
579 8374 8343
580 1270 2584
581 980 3961
582 61 3731
583 2561 1750
584 7688 6379
585 3234 4651
586 4584 1268
587 170 9560
588 4827 2481
589 3676 1953
590 5039 1479
591 4416 9904
592 468 646
593 2802 8639
594 585 5080
595 8063 4117
596 3453 4709
597 1513 3801
598 1134 9020
599 5241 4139
600 8230 5255
601 9841 1606
602 9846 9336
603 655 8909
604 9045 3126
605 5923 6329
606 338 8101
607 5966 6887
608 961 6724
609 1593 6188
610 1252 8269
611 2791 3027
612 2426 7967
613 1528 7586
614 2831 467
615 2068 3409
616 5936 274
617 5361 4658
618 5988 1928
619 5842 2693
620 5400 2267
621 758 8211
622 3115 9339
623 4967 9501
624 8203 1964
625 4420 1204
626 1043 2623
627 3381 3284
628 4269 3470
629 4656 8510
630 4314 1920
631 9961 1187
632 2081 5710
633 5483 5014
634 3335 4178
635 2244 5974
636 4891 254
637 3834 8804
638 5222 8283
639 8626 1119
640 9329 9178
641 4915 5633
642 646 2607
643 6344 2586
644 475 6051
645 1348 1556
646 1247 6300
647 5431 3204
648 8392 2854
649 1631 7624
650 3884 9850
651 1985 3227
652 5726 7767
653 6995 6277
654 1892 5580
655 6946 1302
656 689 5078
657 5311 2839
658 9737 4607
659 2206 8050
660 7880 848
661 4211 9631
662 2569 672
663 6851 5058
664 3540 2713
665 1795 310
666 9218 2537
667 7058 2895
668 2500 8978
669 617 3023
670 263 5293
671 5006 8487
672 6239 4773
673 9493 552
674 4993 4325
675 9659 5770
676 3047 3155
677 859 682
678 3856 2418
679 3768 7721
680 9735 8483
681 4974 5905
682 3862 4674
683 7152 4517
684 5256 8377
685 4651 9348
686 9656 796
687 3185 3141
688 2395 8530
689 5509 6963
690 2858 1650
691 1120 3082
692 2356 9425
693 7949 4010
694 5534 571
695 2930 7831
696 2295 6333
697 9534 267
698 5212 8034
699 181 6244
700 1479 477
701 1192 4996
702 4400 2763
703 1511 9614
704 8834 7004
705 9722 6810
706 5837 1550
707 124 9309
708 7906 1781
709 8417 2171
710 6318 8818
711 6614 2523
712 6252 9157
713 7883 3054
714 5015 3258
715 3388 5786
716 6532 8447
717 5102 1410
718 8044 5800
719 4933 265
720 1115 8257
721 7135 8104
722 2723 2947
723 8757 3386
724 2870 6348
725 9004 3352
726 4023 5440
727 291 9104
728 4520 390
729 5914 4688
730 3965 4143
731 9706 2851
732 6311 7063
733 1520 7506
734 2873 7402
735 5404 7825
736 184 8701
737 7403 4958
738 9296 1598
739 1201 2912
740 7125 7005
741 9747 9422
742 4232 3615
743 1804 2917
744 8477 9783
745 2880 2800
746 9029 5851
747 7993 4867
748 271 1829
749 2889 4044
750 880 716
751 5160 3961
752 7172 5117
753 597 308
754 5788 8452
755 1841 7421
756 8329 9608
757 9708 3513
758 1156 3150
759 9606 1524
760 8417 5765
761 178 1830
762 7128 1187
763 7773 9518
764 1991 7292
765 4133 3516
766 6546 7019
767 4809 3308
768 7240 3769
769 9501 84
770 476 149
771 8986 9608
772 7514 7652
773 1062 6808
774 7672 6786
775 7542 3467
776 6804 335
777 341 135
778 3742 3480
779 8678 7429
780 4071 7991
781 2606 3990
782 3417 7568
783 9952 32
784 6424 2504
785 1699 6637
786 9859 1984
787 2598 1574
788 1679 2528
789 9885 3904
790 9521 3252
791 8803 5896
792 5657 367
793 6324 3432
794 3815 182
795 4949 5714
796 5603 37
797 9756 6450
798 1619 7197
799 888 2652
800 8086 175
801 8901 9331
802 4901 143
803 4697 9518
804 138 2368
805 145 1328
806 7136 6878
807 5858 8280
808 4440 2559
809 7479 1529
810 3040 3958
811 7977 7963
812 166 8328
813 7042 5673
814 403 4806
815 4015 6841
816 312 8870
817 8388 5202
818 8253 9558
819 4924 3599
820 4774 610
821 8376 7789
822 7326 4478
823 2016 7556
824 5908 145
825 817 3141
826 3586 4605
827 4455 2261
828 4293 1031
829 6958 8871
830 9608 2399
831 8011 4310
832 7076 6970
833 7009 8006
834 3647 191
835 8706 9338
836 9732 7485
837 5585 4549
838 2893 1644
839 5127 8480
840 9485 1101
841 9061 614
842 1786 5367
843 8608 5197
844 4428 9336
845 7512 6020
846 1555 2127
847 1924 247
848 5032 3154
849 7579 2238
850 3770 2634
851 3367 412
852 8107 5301
853 6872 6508
854 1814 4266
855 794 4038
856 8893 496
857 6546 9793
858 9339 9665
859 6667 4037
860 5219 3277
861 2269 9172
862 963 2165
863 3521 7987
864 5602 9273
865 8304 2297
866 1576 4710
867 3005 3268
868 3310 2882
869 6742 9738
870 1125 4708
871 4624 2192
872 4359 9568
873 5748 789
874 7886 6724
875 6238 674
876 7872 6290
877 6235 838
878 4545 4943
879 859 7152
880 2533 340
881 2900 7111
882 5437 8610
883 4705 7946
884 9911 6060
885 3522 4933
886 4989 4847
887 681 6329
888 1073 562
889 5183 6076
890 1024 5338
891 3927 1279
892 7517 8830
893 6384 9033
894 8971 6434
895 3718 7562
896 6267 4921
897 9926 736
898 5066 6158
899 99 1917
900 5838 4360
901 8986 9740
902 9633 7170
903 690 3212
904 5181 6749
905 4849 2304
906 4611 6305
907 7982 455
908 265 2409
909 3521 7825
910 3102 3542
911 3840 369
912 7262 8546
913 7273 9291
914 3952 4175
915 6046 1086
916 9046 4043
917 5614 3636
918 4961 3581
919 6651 30
920 2255 2160
921 7032 3446
922 1656 7948
923 2307 7512
924 5906 4768
925 5901 4119
926 1873 646
927 828 7434
928 622 2957
929 5095 5785
930 4841 1015
931 7962 5509
932 9024 880
933 3217 4568
934 7881 6673
935 7387 8648
936 8422 3473
937 7344 1752
938 565 5581
939 8465 9188
940 2823 2868
941 2099 5683
942 7214 9488
943 3665 5191
944 6491 7022
945 8003 4237
946 7973 197
947 496 1864
948 4747 1398
949 1583 8234
950 2948 4269
951 985 301
952 3139 7260
953 5723 4392
954 5774 611
955 1294 4745
956 8126 1380
957 8069 1800
958 2408 8388
959 3811 4482
960 5893 6533
961 184 8143
962 6444 8786
963 2409 8146
964 9886 6983
965 4789 5652
966 5703 3936
967 9497 1477
968 2790 2300
969 194 5621
970 3966 9815
971 9593 4120
972 6592 3788
973 8842 6863
974 7424 7974
975 5501 8226
976 2256 2607
977 348 6810
978 3625 9465
979 3697 6033
980 9442 6532
981 2656 1404
982 6222 6257
983 1059 7276
984 6747 8206
985 6721 2682
986 533 9238
987 7690 6189
988 9477 5842
989 5066 7411
990 4644 7387
991 6907 9933
992 8217 3500
993 1104 5526
994 7655 1395
995 429 2248
996 9009 9271
997 2669 5247
998 9418 4860
999 2543 7834