0 6807 5892
1 6283 6160
2 9937 5320
3 3110 5682
4 4911 1432
5 6913 4281
6 3397 6960
7 5973 7099
8 3269 8715
9 3465 2115
10 5292 2425
11 5813 9859
12 3964 9941
13 3944 7657
14 8285 7148
15 625 1955
16 4235 6798
17 5576 6620
18 6914 4089
19 7612 1658
20 3382 2908
21 7189 9613
22 8404 5563
23 9221 6664
24 9212 7672
25 450 9840
26 6339 5848
27 2681 7435
28 6800 1093
29 3927 2480
30 2147 7437
31 9141 2849
32 3281 4864
33 7745 8219
34 7117 2223
35 5627 5327
36 8674 5770
37 7962 6623
38 314 1410
39 5145 1408
40 4578 6403
41 3238 7704
42 3456 4963
43 9080 4928
44 9637 681
45 9985 7320
46 4357 1631
47 2169 4369
48 579 5155
49 8693 5507
50 6900 8999
51 8681 4555
52 2614 6121
53 4110 6263
54 7608 3338
55 2141 1319
56 2694 2440
57 5692 221
58 6143 3731
59 2585 339
60 9719 7671
61 3050 633
62 2304 4460
63 5539 5864
64 6500 4845
65 6207 6326
66 7481 5664
67 8092 7311
68 1079 885
69 1490 5692
70 4318 1299
71 5098 6326
72 1422 3671
73 932 9342
74 9252 9642
75 9328 7984
76 2950 3495
77 8493 8109
78 971 3176
79 1468 6300
80 2365 4405
81 5538 9780
82 6008 6308
83 8490 9007
84 8221 6966
85 4445 7298
86 106 5409
87 6125 9620
88 9506 7342
89 7251 7828
90 5485 7819
91 6283 5936
92 7298 2352
93 6863 1809
94 3565 342
95 5667 7544
96 159 7495
97 2792 6999
98 6008 5832
99 8882 8847
100 3969 1581
101 2708 9088
102 8209 8917
103 8256 7430
104 446 3530
105 51 6841
106 2370 3609
107 4888 2433
108 1984 2909
109 1625 7991
110 82 7318
111 4005 6346
112 6279 1391
113 2344 8173
114 5703 1345
115 3330 8947
116 5148 4094
117 766 2306
118 9005 3322
119 7864 5946
120 210 9553
121 4 1806
122 6242 128
123 2906 7262
124 996 9913
125 3529 4261
126 7783 8171
127 7922 9995
128 6375 9641
129 2926 8421
130 1017 6943
131 4241 9066
132 600 3417
133 9422 6299
134 4077 9639
135 7786 2420
136 676 9302
137 4103 6178
138 7402 8489
139 6953 5351
140 8768 7318
141 5737 6528
142 5319 3011
143 8385 9112
144 3679 9970
145 7695 1369
146 5724 8842
147 387 9652
148 6598 4096
149 935 7655
150 2215 3460
151 3063 3043
152 1401 5826
153 1118 3268
154 8289 9240
155 2653 6119
156 4199 5774
157 2983 570
158 6598 3494
159 2975 6564
160 1744 7396
161 7733 4636
162 3377 4988
163 9575 5703
164 7966 4797
165 7027 5241
166 1184 1599
167 136 2151
168 8680 7825
169 4409 6024
170 5363 3275
171 7719 7956
172 5256 2616
173 4967 8353
174 5583 6083
175 9191 5190
176 1085 1525
177 469 9704
178 3026 3098
179 5604 5325
180 5644 4242
181 9151 9005
182 2845 4226
183 3050 8923
184 1669 8597
185 2284 7454
186 1898 375
187 3922 5801
188 1817 1003
189 2738 7139
190 7843 8973
191 624 8670
192 8386 4053
193 1570 8043
194 1504 16
195 9708 9214
196 3776 1503
197 153 6817
198 6202 454
199 4483 1039
200 5967 5398
201 4689 8197
202 1654 631
203 379 1115
204 2530 1756
205 4999 3834
206 1611 2882
207 8757 126
208 5185 4837
209 484 3321
210 8958 6640
211 8988 5984
212 8057 5442
213 8974 6793
214 6196 6961
215 3722 4258
216 1022 8524
217 5876 1018
218 2573 2936
219 9232 3807
220 7186 1775
221 8679 550
222 9106 4635
223 6770 6331
224 9239 7298
225 2198 5743
226 3135 2513
227 9442 4320
228 7372 2769
229 6852 4857
230 9326 8207
231 2854 1910
232 2806 7969
233 3112 304
234 5022 8775
235 4153 7644
236 8347 3872
237 4831 5341
238 595 4499
239 8984 7847
240 6858 3308
241 4337 5108
242 88 4122
243 822 8435
244 4281 4045
245 610 7629
246 1738 1721
247 9690 7452
248 9805 8189
249 8913 2585
250 912 2671
251 5278 1106
252 2451 7316
253 5300 8784
254 6397 9254
255 9176 4564
256 3194 8727
257 5181 8265
258 1947 2828
259 6231 8393
260 9450 3599
261 3018 3346
262 7543 7380
263 3681 1039
264 2003 2252
265 7283 35
266 6030 4872
267 9577 2841
268 567 1427
269 9145 8048
270 2141 348
271 4370 8064
272 3524 4595
273 9836 4160
274 7950 6302
275 9808 1796
276 1919 6222
277 9352 7755
278 9425 2622
279 3178 5712
280 2761 9532
281 5110 689
282 179 4189
283 8120 3256
284 70 1431
285 1452 2224
286 5814 4971
287 9740 7918
288 4111 9538
289 2017 279
290 4489 4501
291 4052 8066
292 2494 7714
293 8316 8105
294 3108 8144
295 6041 7322
296 2742 4007
297 4313 3317
298 213 5895
299 1152 9655
300 2105 5501
301 9207 5439
302 5208 2255
303 9762 1002
304 8862 3627
305 4686 1516
306 4069 9843
307 7621 4025
308 9461 3039
309 1731 5439
310 613 448
311 1179 1805
312 2364 2604
313 8369 1550
314 6596 7806
315 9438 1165
316 6763 3763
317 6982 4805
318 5586 6573
319 8079 9571
320 8133 4920
321 1933 8049
322 7444 6503
323 3260 1172
324 6189 9756
325 2791 4030
326 1034 3361
327 8058 810
328 128 3209
329 8460 5059
330 4725 6648
331 7983 1882
332 3125 1786
333 9806 7059
334 609 2029
335 8140 4474
336 4256 2573
337 6924 1497
338 9396 7229
339 2306 5270
340 6612 328
341 8766 7396
342 3013 87
343 1938 8171
344 1311 7295
345 3688 4206
346 2486 2297
347 4809 923
348 4320 6325
349 5535 4616
350 569 1662
351 43 2853
352 4165 7531
353 4161 8665
354 3218 3205
355 1266 7022
356 5097 7292
357 2369 8773
358 3678 3102
359 4150 4998
360 990 4696
361 9865 7372
362 1859 2156
363 6211 5795
364 4864 6297
365 545 2190
366 2847 876
367 6493 4268
368 328 765
369 6713 4564
370 473 725
371 6874 4496
372 5890 3352
373 2017 5885
374 3880 603
375 6321 3300
376 9790 8294
377 1651 1749
378 7513 8765
379 9582 2908
380 7399 4896
381 5062 5320
382 7360 149
383 8960 4398
384 4039 7832
385 7614 3784
386 2132 9216
387 5271 4532
388 8845 5138
389 9687 9999
390 3223 8186
391 9859 9331
392 4377 8322
393 8555 5912
394 2413 2100
395 4668 8928
396 9153 1758
397 7376 4666
398 2780 1348
399 635 2229
400 4909 4878
401 2330 1687
402 10 4307
403 508 8104
404 8357 2196
405 4156 4526
406 5447 7018
407 9298 9087
408 5344 2408
409 3095 3928
410 8502 9568
411 9636 7242
412 7770 5237
413 6068 5590
414 7118 2163
415 5870 4036
416 2514 3620
417 4158 3734
418 962 5482
419 5050 4072
420 5679 7356
421 593 5997
422 4244 3663
423 4803 2481
424 8151 3289
425 1607 771
426 4185 3302
427 4921 8620
428 1860 8826
429 5782 2249
430 2495 9622
431 8818 6173
432 2734 5178
433 7558 8460
434 5483 3334
435 1278 2316
436 2000 6955
437 9626 2331
438 7102 7200
439 7658 8081
440 6561 2455
441 4517 4294
442 5284 2724
443 9017 7987
444 3621 7346
445 1634 8321
446 3626 5190
447 2946 2519
448 7270 1123
449 9012 8252
450 1137 1750
451 7089 2668
452 4575 2979
453 9436 1575
454 5489 5008
455 1457 1454
456 4290 4913
457 1119 2401
458 2377 8922
459 457 6663
460 8301 3627
461 8620 6272
462 1681 519
463 5194 5389
464 5011 2385
465 7956 9567
466 1955 8577
467 4373 291
468 13 8251
469 9946 5314
470 9262 1243
471 6951 3824
472 6789 7516
473 6113 2603
474 8933 1437
475 6386 7713
476 6056 1359
477 8136 7865
478 3826 1238
479 3266 6985
480 6275 5344
481 3951 4030
482 472 6853
483 3697 6529
484 6375 7698
485 7050 175
486 4653 9714
487 6602 1627
488 6257 9068
489 6162 2163
490 5489 7318
491 8506 876
492 6116 1066
493 9171 5340
494 8873 430
495 1088 5167
496 1833 2851
497 4745 8150
498 7387 3180
499 9482 5804
500 8700 6248
501 9288 1770
502 6027 983
503 2438 4148
504 1937 4789
505 2119 7082
506 6339 8112
507 307 6624
508 4162 8069
509 366 8866
510 7729 9316
511 6121 2956
512 4514 1767
513 1870 956
514 7911 2234
515 3682 8287
516 15 6878
517 3440 637
518 1789 6731
519 6130 2855
520 6604 9714
521 2500 2361
522 3934 6192
523 8339 6134
524 3359 3092
525 4846 675
526 9423 4325
527 3192 8298
528 4219 4381
529 4038 3240
530 5447 4097
531 8422 5564
532 43 3049
533 6676 9568
534 1682 7194
535 5692 911
536 9284 2774
537 2852 1539
538 2139 5093
539 6011 4764
540 5287 1140
541 7596 7663
542 6622 826
543 9090 8998
544 4449 3897
545 4306 9753
546 4075 1791
547 8284 3996
548 8368 9408
549 2396 8737
550 5504 2026
551 4304 9364
552 550 4314
553 473 214
554 5586 2772
555 4319 5281
556 3937 6645
557 3206 73
558 2411 9162
559 535 9823
560 6086 3787
561 5936 4898
562 2624 2567
563 7727 6247
564 6593 2364
565 1482 9114
566 9155 3120
567 3162 8592
568 210 6408
569 756 8942
570 8311 4519
571 2743 2663
572 9707 3621
573 3578 5347
574 9460 1854
575 9871 9023
576 2159 7937
577 2386 6771
578 574 7845
579 3148 3376
580 8218 2072
581 4017 4328
582 3438 8837
583 6847 4073
584 8801 2541
585 1166 1624
586 1021 7948
587 7925 8740
588 9217 6022
589 3400 3186
590 6952 6247
591 4917 7007
592 8692 274
593 4418 6630
594 8741 869
595 7752 150
596 1470 8098
597 132 6865
598 9619 1444
599 7770 4201
600 8445 8331
601 7683 1951
602 7169 1224
603 4263 4831
604 7414 3270
605 6380 7453
606 9543 6920
607 5072 5330
608 9040 1414
609 9801 1723
610 9369 6398
611 3884 8929
612 3694 7687
613 3049 2358
614 5141 4008
615 8040 245
616 2921 6737
617 7747 8189
618 1908 2798
619 2193 1073
620 1290 738
621 3765 2223
622 1365 7802
623 9958 1832
624 7347 7430
625 190 1603
626 5938 8357
627 9031 9977
628 489 3959
629 4760 3587
630 8012 6207
631 6798 4289
632 9255 287
633 2491 6526
634 2290 818
635 2106 7786
636 1067 2197
637 1003 5549
638 5342 7675
639 8049 8146
640 1602 9127
641 9812 4877
642 6317 8568
643 9955 3158
644 6535 2651
645 8610 6494
646 7701 4548
647 2816 3728
648 9251 6953
649 8492 8273
650 4381 9891
651 234 2269
652 3291 7331
653 3832 5682
654 143 9145
655 9045 5372
656 7615 5947
657 3898 9320
658 7604 7526
659 8241 7084
660 6392 7660
661 3692 1309
662 3878 7756
663 4708 4981
664 3248 6777
665 5331 4203
666 8789 9112
667 9998 4598
668 4205 5602
669 5049 5585
670 4465 6492
671 2230 6742
672 4613 5574
673 8379 6837
674 9860 7529
675 4696 7408
676 8762 2518
677 5293 9285
678 4582 9534
679 8503 2721
680 6130 254
681 5635 9124
682 7665 3183
683 1793 6338
684 3821 6519
685 1851 4821
686 5890 1714
687 9131 8191
688 1708 5306
689 6185 5770
690 9982 5756
691 9758 618
692 6782 6930
693 5582 5666
694 2189 4597
695 2168 6996
696 6243 1048
697 9726 6939
698 7328 2299
699 7400 740
700 7378 4003
701 3067 6994
702 9719 6589
703 3965 8650
704 7721 3593
705 5569 4689
706 3158 1253
707 906 7183
708 5836 1759
709 8764 9908
710 4640 6859
711 1541 4640
712 8062 2041
713 9224 2437
714 1380 6048
715 3093 4979
716 8431 3291
717 4112 716
718 1988 3145
719 9520 8682
720 8163 9920
721 2590 1175
722 1592 335
723 8180 4039
724 8929 2953
725 1427 5046
726 9228 3248
727 8015 4178
728 7226 3185
729 2303 683
730 2076 4420
731 4120 423
732 4345 8242
733 7648 3032
734 4851 4123
735 8626 9124
736 41 6826
737 9715 9314
738 4115 8227
739 5703 2655
740 2400 5791
741 9221 7317
742 7399 6454
743 2359 4557
744 4693 8658
745 823 4818
746 8987 1655
747 5920 8117
748 5311 5991
749 231 5152
750 2878 1934
751 5675 4617
752 2412 7411
753 4351 3025
754 2494 5648
755 4915 1677
756 3432 6192
757 4310 3722
758 289 8565
759 6016 3578
760 3262 308
761 2650 3709
762 5094 7178
763 5657 4915
764 2765 6898
765 9401 9218
766 7807 7285
767 9419 377
768 427 8269
769 9146 8216
770 943 2620
771 5851 6535
772 788 2471
773 8652 132
774 9079 8431
775 3505 3628
776 1181 6744
777 1707 2072
778 5200 2511
779 5346 443
780 6699 2579
781 436 4046
782 4173 8395
783 4240 1964
784 2082 7101
785 4611 1497
786 3193 2526
787 8925 3868
788 7718 681
789 704 8495
790 4128 8569
791 1221 4358
792 9712 5822
793 1780 6452
794 6161 9376
795 3518 8232
796 1626 6911
797 2829 2129
798 2641 899
799 1576 8136
800 4443 6495
801 7302 7322
802 5722 5747
803 2528 9256
804 9191 866
805 7066 4498
806 2516 7600
807 6497 6488
808 7047 8501
809 3604 4812
810 8046 3376
811 76 9039
812 2493 6099
813 6202 6231
814 9186 2952
815 8344 4604
816 9647 885
817 4916 9131
818 7625 3562
819 3878 4025
820 5389 2119
821 605 5154
822 5213 7405
823 1286 1366
824 661 9830
825 1 7211
826 6484 1796
827 4819 6750
828 2202 4399
829 4293 9417
830 8130 9298
831 9211 2808
832 707 5323
833 7010 3043
834 4959 5335
835 6988 8062
836 9176 8108
837 1593 9295
838 7981 2441
839 4764 121
840 3531 2349
841 8099 6671
842 3871 6630
843 2688 3254
844 5060 8743
845 7421 3742
846 6863 1343
847 2174 2333
848 8665 9280
849 2203 9124
850 6072 4034
851 8075 6683
852 2861 8350
853 7913 6226
854 6771 660
855 1658 1369
856 3784 2455
857 2073 3167
858 3424 7150
859 9282 6005
860 7291 2534
861 1790 4669
862 8882 7239
863 676 7437
864 3682 6272
865 631 2133
866 8031 5208
867 81 7714
868 2718 3813
869 7579 6896
870 1816 5305
871 7378 1098
872 7575 8121
873 7652 1671
874 9140 2627
875 5637 1387
876 9402 9559
877 9985 8272
878 8154 3485
879 3919 5888
880 2880 4435
881 1712 1943
882 4057 2727
883 992 9479
884 5519 1161
885 4 344
886 2048 9064
887 4360 4176
888 4694 3715
889 9195 6692
890 6624 3321
891 1837 6873
892 5461 5015
893 8493 3920
894 2127 5052
895 5683 3631
896 1378 985
897 6777 1474
898 8001 5853
899 3007 1059
900 946 8062
901 9128 5873
902 8763 3971
903 2850 8120
904 7169 86
905 1908 473
906 7454 5632
907 9024 5422
908 6913 656
909 6812 1116
910 2158 7783
911 2465 8337
912 317 2048
913 4987 8395
914 4577 2492
915 3370 2464
916 641 7421
917 2891 8876
918 4123 835
919 4108 6434
920 2985 2350
921 2613 8603
922 1955 493
923 8899 8064
924 3808 8889
925 927 7311
926 332 9208
927 7586 3500
928 2863 2151
929 5061 6838
930 833 3485
931 8607 5695
932 227 622
933 3919 5073
934 5258 9698
935 4288 1089
936 5836 5890
937 7909 6475
938 1675 6403
939 492 1523
940 9196 3077
941 2681 9352
942 5695 4702
943 2430 3239
944 1394 4212
945 6180 6464
946 6993 1285
947 1373 6673
948 103 3471
949 4390 3805
950 2985 8291
951 9278 2946
952 9905 8820
953 6630 2563
954 8760 5273
955 930 9303
956 8770 6742
957 3133 3959
958 5614 2927
959 9321 9496
960 8970 3062
961 3408 8109
962 767 9377
963 9402 981
964 3939 3574
965 8332 9275
966 1998 4083
967 4047 9187
968 8011 3542
969 2023 6418
970 7083 2081
971 6825 8933
972 452 8200
973 9721 5305
974 6925 9884
975 7851 6484
976 9451 3604
977 2640 8623
978 5701 9760
979 4625 570
980 6276 4158
981 9017 5431
982 3451 5920
983 9314 8784
984 5791 9537
985 1391 3995
986 2791 4847
987 6207 7172
988 6851 5216
989 3268 5839
990 4820 7265
991 6651 8141
992 6754 4896
993 1622 6057
994 9611 4033
995 3775 4376
996 5383 3327
997 3581 1175
998 2961 7194
999 2880 3357