0 1684 4685
1 9447 6453
2 7644 1022
3 7256 3698
4 8166 2854
5 5135 7700
6 6070 2523
7 7475 570
8 1992 9024
9 1256 9003
10 4078 1016
11 1007 5098
12 7808 6604
13 630 8604
14 2226 5515
15 5917 3536
16 9464 187
17 13 3492
18 1539 4715
19 8617 6775
20 6596 8688
21 3687 2814
22 313 1248
23 1496 4781
24 6021 7296
25 5320 8103
26 9318 1206
27 1178 2700
28 5257 9804
29 1588 3482
30 6447 8694
31 2171 4385
32 9079 9072
33 7347 3622
34 6374 1323
35 8638 4340
36 2933 2563
37 6257 63
38 6727 3909
39 3255 6799
40 512 8511
41 4574 4531
42 4561 5197
43 4626 7668
44 9158 8008
45 4372 3299
46 4896 5326
47 2581 8257
48 3805 4895
49 5546 8812
50 6046 6269
51 7314 7453
52 4022 5938
53 7410 915
54 8684 7422
55 1921 3207
56 4140 8982
57 738 4122
58 9357 2977
59 6461 9459
60 1513 3343
61 3391 2291
62 1840 2909
63 7285 5694
64 4123 9392
65 4747 6585
66 5452 9123
67 1369 5463
68 7302 5668
69 9687 6366
70 8125 2493
71 1813 7008
72 2760 3724
73 6173 5856
74 8907 8278
75 6192 7969
76 6753 3048
77 9226 9934
78 2897 2422
79 3417 7969
80 4641 9084
81 1745 2519
82 2925 2014
83 7600 5646
84 8047 5203
85 2499 1329
86 7059 8831
87 914 2701
88 3776 4763
89 8826 3739
90 3086 7748
91 2586 8803
92 3448 3194
93 8520 9768
94 6258 9148
95 6099 1642
96 8968 3226
97 6973 7910
98 4757 4590
99 5416 8379
100 3763 4137
101 5785 2348
102 1532 3887
103 7678 5543
104 5479 8872
105 6069 3858
106 3271 9155
107 6371 8034
108 4130 1062
109 7431 7008
110 5563 340
111 9603 205
112 1394 5551
113 7350 6330
114 5655 439
115 6545 9250
116 856 2233
117 1599 1592
118 5432 2466
119 8510 2373
120 9725 6768
121 2642 7050
122 9274 3321
123 8743 7246
124 5786 5851
125 2070 8568
126 8210 7385
127 8456 7500
128 1695 8868
129 7817 9512
130 3565 5135
131 8234 9427
132 3465 9654
133 3016 6612
134 9977 8283
135 2512 1461
136 6124 9918
137 3512 8492
138 1263 9230
139 5184 6102
140 744 4814
141 7003 2241
142 1358 368
143 2273 4535
144 3414 1659
145 8537 3448
146 3701 2551
147 9387 7548
148 2359 8279
149 6510 1901
150 4834 2858
151 6435 7038
152 8528 6582
153 1171 1871
154 120 493
155 4275 6774
156 4932 6850
157 9769 280
158 9367 2840
159 5966 5303
160 9502 4239
161 2666 9072
162 3179 6530
163 3968 1805
164 9378 1428
165 6069 5181
166 1231 3723
167 1298 7632
168 902 2189
169 1073 9964
170 8597 5222
171 5567 8195
172 2673 845
173 6065 6797
174 645 9664
175 7346 3892
176 3905 2164
177 8452 2080
178 5487 4620
179 1523 4350
180 3329 308
181 396 7125
182 4962 7772
183 9468 8651
184 8532 6776
185 6298 7130
186 4301 6680
187 5409 592
188 7444 8120
189 9395 676
190 6273 6161
191 6961 6433
192 6289 3971
193 755 6189
194 9586 3999
195 7816 7611
196 9640 592
197 4200 5467
198 4184 6890
199 4095 8097
200 2090 1759
201 9064 7833
202 2094 7132
203 182 8953
204 5933 3169
205 2856 6456
206 2761 9679
207 6961 5694
208 6196 6251
209 1328 8993
210 8299 737
211 7317 6602
212 7556 9752
213 7522 1391
214 6193 2097
215 9776 7825
216 2478 3324
217 5347 6946
218 8113 6387
219 2202 5620
220 9860 8051
221 3666 4652
222 4315 2904
223 7048 1654
224 899 6755
225 8048 9449
226 5482 3428
227 3300 6907
228 6979 5439
229 3626 2677
230 5968 448
231 1693 2946
232 9571 8316
233 2736 7124
234 9563 9576
235 6107 770
236 2561 4193
237 2049 3284
238 3511 7193
239 5134 234
240 9961 2772
241 8766 9527
242 5024 4426
243 9179 6110
244 9344 8234
245 7040 8355
246 2480 1005
247 3701 4365
248 4098 7153
249 9021 8241
250 384 7894
251 3867 4398
252 159 6066
253 5325 2158
254 9297 605
255 5636 7793
256 6311 1112
257 9732 4944
258 8699 1645
259 508 853
260 5 5455
261 4330 3534
262 4317 3109
263 8574 6988
264 8206 6570
265 8352 1141
266 8279 7423
267 6138 7009
268 338 2018
269 7378 9135
270 316 4426
271 4705 8973
272 7166 7394
273 9906 4654
274 7538 9818
275 8718 7116
276 3167 3192
277 7870 9631
278 6100 1167
279 4561 6801
280 4621 8450
281 3590 3654
282 6959 8116
283 6696 5727
284 6200 4772
285 8574 758
286 5211 3405
287 4923 133
288 8475 3235
289 1002 9873
290 2880 9460
291 3211 7325
292 3390 4977
293 4364 3716
294 1153 3750
295 8328 1509
296 1298 8225
297 1817 9271
298 1297 8818
299 9911 4499
300 1685 595
301 8905 9595
302 2140 5264
303 7021 868
304 1488 6627
305 2556 1801
306 4025 5228
307 6897 4660
308 9694 3542
309 6477 2215
310 323 8509
311 3470 9172
312 1236 2257
313 792 3498
314 6041 4316
315 7016 7108
316 9435 6550
317 7815 5806
318 641 1622
319 7867 8763
320 3498 5905
321 9450 103
322 5498 5591
323 1942 2318
324 408 877
325 8290 588
326 3632 8943
327 7239 7357
328 7310 1608
329 2998 5762
330 4575 8260
331 1045 630
332 5440 7096
333 2218 4403
334 868 6170
335 540 4194
336 4274 2483
337 7136 3493
338 9428 105
339 2440 401
340 5349 9847
341 4435 1876
342 6105 5609
343 3208 1562
344 8975 8282
345 9441 8162
346 6286 2589
347 7074 3933
348 1658 8590
349 4851 7699
350 7549 9277
351 1584 2308
352 6514 5336
353 8487 806
354 8222 2562
355 5136 1826
356 1992 3807
357 9080 3129
358 8532 3178
359 2231 1653
360 379 6596
361 3990 8959
362 6225 8145
363 240 9863
364 8755 9000
365 3386 5752
366 8909 8781
367 3853 9220
368 5225 3048
369 5452 9625
370 1793 4804
371 7123 1154
372 5205 2469
373 5339 2917
374 6327 8620
375 5546 6848
376 4309 940
377 9941 3500
378 2044 9267
379 356 6491
380 6779 8880
381 8526 1292
382 4950 9449
383 2090 628
384 8164 2403
385 4961 5769
386 6958 2525
387 833 6068
388 4288 4577
389 9015 7379
390 2573 1216
391 2853 5066
392 6859 1758
393 6282 4945
394 3482 343
395 6216 4096
396 7961 8089
397 7959 9634
398 1220 8784
399 4968 7166
400 1074 2227
401 689 1910
402 3830 1223
403 9335 9441
404 6496 9534
405 4671 7541
406 7869 880
407 9232 6993
408 1121 4355
409 8765 6601
410 8518 1342
411 6850 3242
412 2345 6199
413 9341 108
414 1389 6823
415 2296 5451
416 5371 5539
417 7341 8736
418 2686 7878
419 4473 1610
420 934 939
421 1478 9377
422 2218 2419
423 7579 7507
424 1667 9493
425 1347 8744
426 3116 8836
427 9628 8270
428 5105 5271
429 726 8075
430 4926 4153
431 8069 2652
432 7189 935
433 4909 1461
434 8476 7794
435 8500 259
436 4845 8035
437 505 3474
438 7605 3574
439 7261 9470
440 2463 3333
441 3769 166
442 5212 694
443 3897 4492
444 9977 9292
445 350 8203
446 3039 1051
447 7028 1674
448 2820 8600
449 7015 7612
450 520 122
451 195 8750
452 5721 7402
453 2088 8462
454 6255 1974
455 5328 8848
456 3401 8449
457 7976 6007
458 8501 214
459 9659 6063
460 3267 2986
461 4177 2753
462 8485 1742
463 3646 6091
464 7877 7796
465 252 6708
466 3971 6876
467 2120 1789
468 5562 1721
469 4256 3681
470 9083 187
471 2893 2552
472 3445 4641
473 5467 3538
474 264 9696
475 5826 8990
476 6865 289
477 2962 7069
478 8740 8985
479 8532 70
480 2780 2752
481 6384 6265
482 5341 4143
483 1401 6346
484 7624 7321
485 7023 7874
486 4329 2716
487 7747 6229
488 6518 6085
489 7866 1342
490 5682 8947
491 1574 8219
492 7518 4292
493 9613 6046
494 868 3329
495 3764 2158
496 7812 1867
497 7531 3398
498 3797 3891
499 9574 4709
500 2859 7978
501 6012 9765
502 7480 1001
503 1023 2791
504 2611 1811
505 5966 8080
506 1896 5364
507 3631 5099
508 5633 6472
509 5168 9946
510 7934 8464
511 1085 5133
512 72 6726
513 2003 4938
514 9392 2989
515 166 4591
516 3183 2764
517 8604 4818
518 5436 5457
519 548 1350
520 6219 9822
521 8199 5505
522 6288 201
523 7823 7811
524 7732 6838
525 1511 4559
526 2980 1489
527 4368 1730
528 1140 6539
529 9748 7712
530 4082 5895
531 983 3843
532 8935 1383
533 2154 2958
534 8916 8252
535 5082 3979
536 7398 3341
537 3803 3882
538 4823 5644
539 7792 9177
540 3156 6332
541 6883 8861
542 1441 6529
543 6344 9636
544 2962 4384
545 7830 7608
546 3503 2231
547 3782 9958
548 8765 7454
549 9753 1445
550 6540 538
551 5923 1355
552 9201 4140
553 5890 7416
554 9387 6447
555 6600 4315
556 3158 2954
557 8781 8075
558 6699 8624
559 5177 1725
560 308 3129
561 7048 3479
562 3154 7353
563 6572 8141
564 3207 987
565 6827 489
566 3204 3441
567 5893 7527
568 4304 1185
569 6525 4374
570 7547 2020
571 7498 4481
572 4216 8012
573 3095 443
574 880 2931
575 1256 3984
576 9968 5709
577 6978 6139
578 34 4612
579 5732 5536
580 7119 3601
581 757 9401
582 6958 4982
583 5308 7096
584 2458 1883
585 4706 5714
586 6731 7432
587 5171 1853
588 8682 9145
589 6421 1475
590 3362 887
591 4775 1854
592 9579 3380
593 3126 5864
594 1118 4976
595 4722 4466
596 8687 7972
597 8933 1941
598 4591 785
599 3955 4725
600 715 4273
601 8920 3345
602 3042 9151
603 8306 9870
604 2506 2131
605 25 1612
606 647 6692
607 2490 2952
608 8649 5968
609 4691 984
610 6344 5032
611 4222 3207
612 9145 3580
613 374 3095
614 5449 66
615 1508 8338
616 8103 2029
617 2041 3680
618 4148 8230
619 270 8341
620 138 2845
621 3119 1166
622 8196 6430
623 7951 1338
624 4854 1022
625 4216 62
626 6234 1301
627 9985 5976
628 2261 3311
629 3038 9601
630 2658 8447
631 7301 4455
632 3660 4902
633 9929 4727
634 4805 1198
635 1813 2431
636 5580 9342
637 5815 2618
638 288 6250
639 3755 5304
640 2354 5196
641 2710 5663
642 7146 6972
643 1356 5270
644 1882 4754
645 1042 8855
646 3354 2447
647 6177 8664
648 7425 3926
649 829 3826
650 4802 9768
651 2554 7552
652 4325 8269
653 8715 4704
654 312 6073
655 872 9384
656 1680 6074
657 8950 9030
658 2218 6810
659 4919 1465
660 6452 5814
661 2844 8336
662 2092 5261
663 6913 986
664 6789 3820
665 1704 7904
666 3344 3240
667 2507 8384
668 5226 2613
669 2696 9533
670 229 2810
671 5851 5956
672 4275 6189
673 6655 5557
674 6399 181
675 9326 8328
676 1914 9522
677 8942 2193
678 7716 6556
679 5985 4278
680 9116 8593
681 5628 6321
682 3524 4712
683 2528 5268
684 782 1296
685 2482 2937
686 7201 4338
687 8577 4872
688 4211 4546
689 5750 882
690 1220 6178
691 9451 8882
692 6868 1262
693 2673 4946
694 9940 4737
695 4929 7889
696 2120 2325
697 9929 9463
698 7937 7228
699 9619 3094
700 6497 3356
701 246 9149
702 4156 2796
703 975 5680
704 6922 7710
705 4710 4007
706 8701 1021
707 4784 9668
708 8569 2066
709 6653 9663
710 4540 596
711 7968 7487
712 737 9386
713 6621 2309
714 2329 3831
715 5024 8928
716 6140 5899
717 3646 5897
718 5409 9265
719 1201 7348
720 797 3617
721 2102 8914
722 1659 4894
723 5327 3918
724 4197 4701
725 5674 1090
726 2865 5253
727 9547 1546
728 3588 7625
729 8394 9649
730 6689 474
731 6059 5759
732 8243 3162
733 4690 2894
734 6241 5658
735 6560 4377
736 9788 9327
737 3481 5358
738 3396 630
739 7292 891
740 5938 5673
741 9824 2301
742 5192 4503
743 5404 388
744 1778 5187
745 9666 3743
746 2043 7634
747 8688 4296
748 7857 5278
749 6836 8191
750 3074 4542
751 2249 1399
752 5695 1848
753 4960 8933
754 636 909
755 6729 6311
756 1233 4114
757 5332 1175
758 1047 9663
759 8905 3458
760 8005 6001
761 4883 6791
762 5552 936
763 8892 3350
764 7164 5192
765 9770 6232
766 9576 8616
767 9017 5787
768 255 1652
769 5055 2901
770 6282 1814
771 5046 3392
772 9907 3723
773 3164 2758
774 5377 2398
775 4037 4164
776 9675 6705
777 5097 8046
778 7594 4999
779 2647 7574
780 2267 6
781 8298 9938
782 9731 40
783 3774 8651
784 9762 4621
785 6701 5224
786 8528 1396
787 3787 1081
788 7572 9019
789 1617 3206
790 4266 9476
791 7546 3617
792 9601 2874
793 6038 378
794 9747 4357
795 3279 3932
796 1698 4960
797 1032 9534
798 8921 2555
799 7715 4243
800 1703 7850
801 8129 6891
802 4670 2232
803 3572 6459
804 498 2036
805 4900 7271
806 6769 5491
807 7073 3862
808 7675 3169
809 5468 4061
810 17 5728
811 6232 176
812 9734 2837
813 2505 700
814 6018 6967
815 9546 9138
816 2479 2215
817 7038 1427
818 3507 2561
819 7194 4249
820 4732 1587
821 7966 2540
822 3437 620
823 6044 7524
824 9090 6054
825 38 3047
826 9137 5500
827 3601 2023
828 3493 7216
829 5853 4905
830 6879 5043
831 8416 9490
832 648 6953
833 3747 1704
834 171 7872
835 6970 6437
836 2557 485
837 9148 9989
838 4353 3267
839 4855 6847
840 7662 1406
841 6425 115
842 5068 2009
843 9074 1764
844 8860 7989
845 3367 3038
846 9329 8163
847 3477 3690
848 5968 6644
849 2643 6912
850 1971 2519
851 5529 7240
852 5797 2231
853 5192 9019
854 9465 3849
855 8754 1311
856 7793 7507
857 6103 4037
858 9070 4554
859 7841 9452
860 511 393
861 8855 9898
862 2661 7889
863 4487 2374
864 1700 4818
865 1948 9233
866 2540 8307
867 4583 3922
868 8715 3872
869 3667 2479
870 1573 697
871 1304 3704
872 9751 5973
873 2956 9712
874 9546 1152
875 193 2813
876 3164 8698
877 6323 8267
878 5484 3816
879 2047 3201
880 4780 9428
881 9016 1693
882 5584 3939
883 7718 1793
884 3620 635
885 309 8520
886 8576 2097
887 795 6503
888 1850 8453
889 5121 9668
890 6374 3490
891 1270 1195
892 2507 377
893 6644 7598
894 5204 3131
895 4834 3898
896 120 9001
897 8327 7488
898 4162 3228
899 4292 83
900 2456 1830
901 391 6022
902 9783 4246
903 8996 4174
904 4889 876
905 8421 8147
906 4581 9326
907 5085 8705
908 6330 4446
909 5271 8929
910 1494 8363
911 7135 6804
912 5733 9244
913 7053 9022
914 8240 7064
915 3439 6637
916 3869 4594
917 6574 9706
918 8954 7456
919 7243 2434
920 7624 4287
921 5464 8536
922 9209 4859
923 3244 1758
924 2570 5179
925 6998 7986
926 8462 969
927 9768 5562
928 9705 6668
929 2879 3529
930 1482 371
931 6449 9857
932 6002 4848
933 2450 797
934 8904 2130
935 9292 2526
936 3932 2284
937 5200 3661
938 1438 6317
939 8440 5107
940 5931 3217
941 6504 2840
942 2822 8231
943 1795 3989
944 8378 4869
945 1672 5032
946 2804 3548
947 1996 3940
948 580 9218
949 5806 4744
950 7979 7814
951 3545 3934
952 9067 1483
953 4002 1513
954 1169 3294
955 8975 8106
956 9841 2335
957 3942 2083
958 6184 8936
959 5853 4322
960 9531 5899
961 6711 693
962 5265 1559
963 1266 3605
964 1796 9822
965 5628 5695
966 804 1478
967 3998 7363
968 6697 2709
969 4251 1657
970 7561 8252
971 5857 5445
972 7492 2572
973 1739 9825
974 430 3572
975 4360 5798
976 2104 3179
977 5925 5954
978 8208 7633
979 1691 9207
980 1535 1542
981 3232 731
982 9760 6325
983 7444 1078
984 1194 977
985 8552 4001
986 7021 8549
987 5346 2689
988 6641 95
989 6419 1413
990 2171 4497
991 1470 4490
992 1689 33
993 1533 4365
994 4790 9117
995 9101 8722
996 74 7521
997 2341 8732
998 54 735
999 3227 9078