0 1262 9137
1 5398 4433
2 4365 3332
3 4935 6520
4 452 7054
5 2216 3871
6 1186 8746
7 797 438
8 616 6994
9 8159 7811
10 8052 1487
11 3674 1805
12 2744 1279
13 8155 9600
14 180 7927
15 3430 2087
16 9953 5305
17 6866 6063
18 2836 7295
19 6051 3477
20 1034 8890
21 4592 7533
22 406 4404
23 7225 9509
24 1323 2402
25 4605 138
26 1111 8887
27 8481 5297
28 6260 6539
29 7618 7607
30 2715 454
31 4976 7607
32 7977 9995
33 6561 1436
34 2562 6296
35 5477 1538
36 4993 927
37 3599 5708
38 4058 6671
39 2857 5466
40 8718 7786
41 3347 5001
42 5949 8426
43 2161 3637
44 3347 4313
45 624 9109
46 6163 3318
47 370 3157
48 6746 4454
49 7208 6597
50 7940 800
51 358 4964
52 8765 3452
53 219 8154
54 5183 7752
55 8773 7466
56 7880 8791
57 5390 1957
58 5806 1817
59 8417 10000
60 7518 508
61 7407 4809
62 1058 655
63 2155 8271
64 9264 9177
65 3125 3079
66 2620 7079
67 3685 4414
68 6412 3105
69 7947 5630
70 3087 4025
71 4010 5031
72 7148 7610
73 341 705
74 507 1478
75 4955 7632
76 1876 2858
77 7519 9814
78 2937 91
79 2253 6546
80 1192 7633
81 9017 41
82 9530 7577
83 3264 7170
84 1284 862
85 6403 9893
86 1956 3623
87 1267 6067
88 7754 145
89 9960 3724
90 7694 9520
91 761 6501
92 5949 3274
93 5336 9869
94 3918 5038
95 8410 6544
96 349 8964
97 6691 634
98 4273 1531
99 3906 315
100 5320 5743
101 7565 5931
102 8971 1776
103 2887 6883
104 697 7230
105 8210 3331
106 2936 2418
107 4450 5650
108 3461 7846
109 450 6258
110 7131 4434
111 7404 5132
112 612 4401
113 3663 6271
114 9076 8852
115 7102 8330
116 6805 7178
117 4880 7162
118 9379 748
119 9095 657
120 7370 8925
121 9659 7689
122 4383 7848
123 9437 9789
124 3089 8230
125 935 7532
126 6117 1521
127 7760 414
128 5482 592
129 638 8343
130 4260 4398
131 6074 5545
132 384 7116
133 3451 493
134 914 8624
135 2760 8531
136 238 9870
137 5661 2905
138 8076 567
139 137 6579
140 9011 4170
141 1407 6561
142 5905 3237
143 3001 5392
144 2407 9045
145 6521 925
146 9830 1222
147 3787 2345
148 4254 5527
149 1612 1222
150 5280 7032
151 154 4360
152 7167 2486
153 3446 6276
154 6957 8818
155 8463 7110
156 844 7211
157 3327 4066
158 4484 2773
159 7372 2250
160 595 8683
161 9208 5162
162 8703 1601
163 9196 1141
164 8822 4308
165 4176 331
166 4722 6624
167 1907 6855
168 38 6367
169 2113 7342
170 732 5512
171 3742 5419
172 1078 6308
173 3659 3887
174 9950 6489
175 4375 3622
176 3533 9663
177 3549 1160
178 5132 2048
179 6529 6939
180 9867 8572
181 3697 8043
182 6145 6162
183 998 1154
184 5272 7511
185 1530 1639
186 6270 7300
187 1306 7827
188 5002 7100
189 396 5353
190 2687 992
191 9879 5886
192 9401 5982
193 9210 9281
194 4162 6559
195 2330 2562
196 7616 9073
197 9801 1162
198 959 1307
199 2148 1580
200 5773 7816
201 5560 1292
202 2297 3189
203 7988 7108
204 7895 3352
205 6658 2363
206 3568 3751
207 6586 8242
208 1658 5080
209 7681 8376
210 2505 7232
211 4335 2146
212 3132 7760
213 7584 1647
214 1675 2207
215 8920 7857
216 3297 7556
217 473 5292
218 8853 3326
219 3493 9849
220 5784 3256
221 5239 32
222 3395 8861
223 8636 6170
224 6379 3186
225 398 674
226 9709 1749
227 7965 8998
228 3228 8388
229 9814 4887
230 5319 4986
231 8755 5533
232 1666 4149
233 3311 832
234 7800 9263
235 3158 6547
236 7759 3068
237 6185 8752
238 8337 217
239 7771 1803
240 2269 9379
241 2552 2166
242 7542 2762
243 7913 9190
244 2784 1207
245 5195 2157
246 4716 981
247 2976 6934
248 2745 9936
249 4429 7383
250 217 9553
251 2433 9484
252 692 6072
253 2731 8779
254 873 195
255 3406 4664
256 223 5937
257 8220 8634
258 3957 4455
259 514 4593
260 3850 4866
261 1915 6903
262 28 3858
263 3504 1008
264 1177 8669
265 3215 8091
266 9793 9004
267 952 285
268 7566 2354
269 6502 3936
270 1414 9310
271 1210 9169
272 3801 9012
273 490 8925
274 9498 6406
275 9445 5987
276 9850 6898
277 253 6293
278 9718 9328
279 8981 1416
280 696 1337
281 6093 369
282 6033 3864
283 1232 1238
284 1719 9176
285 4453 5576
286 616 3833
287 8509 828
288 569 5424
289 5880 2183
290 1796 5458
291 8523 4892
292 5523 123
293 7650 7691
294 3705 551
295 773 4850
296 2741 8029
297 4831 9145
298 7334 2582
299 918 60
300 6484 5649
301 4621 2550
302 8072 7446
303 1689 4760
304 8246 1829
305 8255 6106
306 8648 7081
307 1426 80
308 7900 7988
309 1937 9846
310 4790 4319
311 3457 8897
312 9406 5453
313 4603 4666
314 4056 507
315 3803 6188
316 4804 8813
317 2660 7980
318 786 385
319 9076 5403
320 6115 9016
321 4831 491
322 5786 309
323 1117 7824
324 195 9238
325 2368 7309
326 571 9043
327 1555 3364
328 2062 9272
329 2520 1135
330 3624 5523
331 7053 5586
332 6014 7263
333 1091 4934
334 7271 4886
335 890 9357
336 1806 8087
337 9082 3213
338 2685 2704
339 2069 8654
340 1512 1102
341 6469 8198
342 7352 1713
343 2099 9435
344 5042 3825
345 3507 1058
346 5533 9602
347 5332 5000
348 9429 9990
349 6575 4688
350 2509 7317
351 4501 6520
352 402 6615
353 2566 6280
354 8663 8938
355 1925 4774
356 5467 3512
357 8805 6865
358 1462 6234
359 7079 4920
360 4402 5715
361 8572 1486
362 5957 2432
363 5094 7030
364 128 4222
365 3446 3871
366 1904 2961
367 5523 7977
368 9410 2665
369 6271 2985
370 7327 8174
371 1686 2383
372 8801 4836
373 5421 6087
374 2341 3381
375 9604 5716
376 128 2786
377 4420 8128
378 209 5861
379 4236 2240
380 706 3112
381 5039 7038
382 9185 5517
383 6728 6453
384 7134 7464
385 4971 4634
386 7489 520
387 3199 9782
388 1250 8621
389 2088 4968
390 668 7104
391 4290 4239
392 1865 7462
393 8926 2235
394 7801 3901
395 4531 2249
396 425 5467
397 6323 2419
398 7671 977
399 8057 4863
400 4499 7079
401 6764 5607
402 8896 2291
403 9280 7405
404 6771 7332
405 1092 1563
406 443 877
407 7620 4507
408 5769 6621
409 1564 2223
410 8598 7026
411 7709 6530
412 3810 5100
413 1595 1758
414 2812 4398
415 5410 79
416 7264 6565
417 2429 4196
418 7780 7860
419 7909 6274
420 7314 1023
421 9822 1042
422 5894 6258
423 8800 1472
424 4196 1523
425 7582 4681
426 78 4807
427 847 1408
428 5839 7551
429 1455 2881
430 4851 3032
431 2141 3212
432 9270 5387
433 5065 4051
434 8586 214
435 3419 2588
436 6679 658
437 7799 6509
438 3848 3704
439 4265 500
440 2661 363
441 5870 9715
442 6451 16
443 578 7477
444 6477 7216
445 9200 60
446 2456 8622
447 911 7816
448 9333 9712
449 2536 764
450 5472 6248
451 4293 5538
452 9240 2048
453 4237 2539
454 2023 7107
455 5407 8072
456 2117 8299
457 9625 8370
458 4721 3015
459 5807 8230
460 4987 5585
461 6622 8862
462 5779 1601
463 9799 52
464 4824 542
465 4732 1215
466 4789 9710
467 7532 4334
468 8565 7349
469 416 8116
470 8206 2372
471 3897 6912
472 1314 6710
473 7068 6849
474 3241 2992
475 6799 3781
476 5135 2065
477 1433 5847
478 531 7312
479 968 8427
480 7820 9913
481 7067 8036
482 6911 1431
483 2936 4246
484 8910 6600
485 1643 813
486 3651 9090
487 9790 5135
488 3725 249
489 521 9992
490 4645 9528
491 7364 4624
492 2977 7954
493 4542 9308
494 4240 3323
495 1038 794
496 3734 6852
497 7155 2543
498 6518 2091
499 3636 5135
500 4892 6284
501 5534 5176
502 9533 7088
503 6923 3603
504 8854 5524
505 9828 4807
506 199 2017
507 595 1223
508 29 8863
509 5866 1171
510 4632 2574
511 83 3852
512 7373 786
513 2920 604
514 5600 3049
515 1248 1416
516 7313 7438
517 502 2015
518 6982 890
519 8566 1375
520 7546 6802
521 1870 7659
522 5662 3352
523 146 1187
524 1150 5135
525 2376 8855
526 7979 9513
527 6232 8196
528 4062 7665
529 8001 5961
530 1491 512
531 5523 2039
532 9624 5771
533 5247 4917
534 7300 1470
535 9255 2784
536 5721 1361
537 5861 8880
538 4340 3576
539 2736 1353
540 3172 9106
541 8685 1112
542 5717 7714
543 6942 6909
544 9335 2210
545 8969 2524
546 8462 2221
547 7246 3148
548 4787 249
549 4183 9109
550 7409 4694
551 1889 6012
552 7789 8266
553 5474 6042
554 7049 1095
555 735 481
556 2500 2442
557 2350 5290
558 2140 6065
559 8112 7045
560 856 4594
561 3127 3859
562 9586 1870
563 2950 8191
564 1199 7317
565 4319 1910
566 9615 6621
567 5081 2830
568 1544 7346
569 5132 4043
570 7612 845
571 6161 9488
572 7570 4075
573 2299 3523
574 8671 2283
575 7813 5631
576 1359 7704
577 4537 6910
578 7053 4311
579 7063 2524
580 8032 3406
581 3628 6215
582 8470 2161
583 6383 3744
584 8085 2525
585 3459 1086
586 1873 511
587 5370 1448
588 2082 4246
589 9482 3099
590 7921 2028
591 499 7309
592 5548 7177
593 8439 7417
594 2836 6157
595 4966 9764
596 8381 1426
597 4172 8352
598 2871 5777
599 1833 1295
600 0 3668
601 4515 577
602 3083 3548
603 1568 5746
604 3713 5082
605 8750 3788
606 1290 5620
607 7510 1576
608 7249 3481
609 9295 3759
610 5969 7625
611 5265 2268
612 5519 8244
613 8411 5103
614 9313 1136
615 45 7823
616 8787 4900
617 440 9412
618 6543 4605
619 9415 2111
620 9437 7917
621 4042 6881
622 5158 4219
623 7454 3742
624 4381 3184
625 2359 8569
626 8342 1977
627 668 6660
628 6232 1341
629 8137 3086
630 9351 6491
631 7467 4073
632 8227 4459
633 4116 9771
634 5556 5643
635 8351 6966
636 1439 5911
637 1480 4528
638 9084 2566
639 2105 5820
640 5557 6030
641 3081 9549
642 2853 1194
643 2892 353
644 9541 8683
645 8237 1774
646 1823 6107
647 1075 8982
648 1420 253
649 6464 4734
650 5187 8442
651 6861 938
652 23 8388
653 468 1997
654 6246 5938
655 4527 6104
656 2276 9350
657 79 3682
658 5556 3105
659 5845 3261
660 9957 9519
661 7128 7095
662 857 2804
663 6481 603
664 4956 3577
665 2689 8894
666 4933 1981
667 3154 9802
668 6661 4605
669 9107 4734
670 3496 4259
671 8656 5931
672 9737 5294
673 3401 6031
674 970 903
675 5746 1368
676 9309 9428
677 5214 791
678 6289 1204
679 8986 6818
680 4859 9200
681 3106 6026
682 7046 3673
683 9238 6350
684 7859 5548
685 7898 3620
686 4007 8991
687 727 1935
688 9679 7044
689 4150 4926
690 8617 5351
691 9093 3396
692 6713 511
693 8361 4309
694 4757 4124
695 8187 3737
696 5778 1317
697 9710 230
698 3935 6902
699 769 979
700 3840 1861
701 6625 2537
702 2192 9775
703 7662 4296
704 4815 1391
705 1292 8360
706 5310 7291
707 5113 7179
708 8291 8044
709 6729 8500
710 9051 9141
711 8390 3637
712 1491 2638
713 851 34
714 367 2760
715 7828 1545
716 1509 4501
717 4583 7740
718 4340 2001
719 2619 6307
720 1224 6788
721 8915 7538
722 7578 7639
723 7232 6926
724 3770 6045
725 7921 9344
726 9956 4495
727 9423 3487
728 5504 6156
729 440 6670
730 6991 3174
731 7838 1841
732 6367 1943
733 7541 6635
734 5070 6228
735 1382 2161
736 6811 9596
737 9632 8951
738 9982 5229
739 6157 4576
740 4014 8970
741 8883 6812
742 448 6746
743 1004 3227
744 5574 2300
745 2395 3916
746 994 43
747 1086 778
748 5913 4628
749 7266 9954
750 7764 6224
751 8455 7374
752 9616 1808
753 6867 2716
754 5044 7884
755 2269 2280
756 2318 3283
757 382 9844
758 8568 9115
759 1301 284
760 1361 2260
761 4795 557
762 1023 2188
763 6639 11
764 8969 5149
765 7774 6154
766 1471 2679
767 8696 5527
768 1844 2993
769 7737 1757
770 6398 5324
771 7710 5199
772 2755 2060
773 9590 1741
774 8042 6475
775 9889 6128
776 7155 6596
777 8394 4249
778 3951 8897
779 9801 4522
780 4617 6845
781 8645 2708
782 6422 4434
783 6386 5203
784 6059 8251
785 7840 2367
786 4839 3403
787 760 4831
788 5501 9563
789 612 5479
790 8903 8800
791 9140 3894
792 4920 380
793 4595 3856
794 5132 3117
795 6983 1883
796 6340 974
797 222 3037
798 8896 2609
799 4150 5540
800 8088 8814
801 471 5152
802 1977 7234
803 9998 4244
804 6280 4091
805 6298 7248
806 6962 5323
807 9039 7377
808 8801 1506
809 6633 839
810 406 4546
811 3602 310
812 4027 8557
813 789 4535
814 6804 5153
815 8892 7683
816 621 6704
817 3022 7707
818 1817 2061
819 9885 9089
820 4435 7950
821 5710 431
822 479 3063
823 5627 6952
824 4222 2066
825 4086 3776
826 2407 8066
827 2979 8197
828 1467 8704
829 6323 9512
830 6937 5175
831 658 995
832 7792 1221
833 5686 2417
834 7462 1866
835 2678 1093
836 817 5567
837 6405 7699
838 4807 5438
839 7401 1419
840 3029 3493
841 8844 8925
842 822 769
843 2921 2439
844 5362 746
845 9433 2685
846 9875 6546
847 531 6451
848 9492 9026
849 3819 6783
850 5746 4248
851 2675 6766
852 5565 9931
853 4476 571
854 3696 9325
855 7572 1819
856 2764 5717
857 6097 6536
858 5428 4345
859 8040 5644
860 5074 7567
861 9700 8079
862 8957 1579
863 6341 4634
864 3168 1386
865 9576 1042
866 3487 2466
867 3280 6073
868 3713 6784
869 6058 3165
870 4732 2073
871 3659 7756
872 968 3876
873 2369 5242
874 6904 4912
875 8518 8992
876 463 3548
877 2519 6179
878 1851 5552
879 7997 6999
880 5621 1680
881 296 9527
882 486 3741
883 524 4717
884 465 5739
885 2624 2578
886 3903 6870
887 9975 4654
888 263 4028
889 4129 6346
890 7875 9038
891 9724 8869
892 3084 3714
893 8141 4300
894 7144 5378
895 9065 5652
896 358 7691
897 4462 3321
898 7459 7457
899 5956 324
900 3335 5991
901 3066 5949
902 9419 5792
903 8892 6498
904 5015 1134
905 474 7967
906 6909 9677
907 3406 3616
908 9813 1451
909 6986 2615
910 4176 6062
911 1501 7182
912 8555 9688
913 5311 3585
914 6296 873
915 1736 5998
916 3410 3277
917 2048 6458
918 5259 7115
919 258 850
920 2697 8290
921 4796 9547
922 1999 2786
923 565 4860
924 4297 4591
925 1528 5423
926 8326 6430
927 8910 9403
928 1627 3780
929 5738 3553
930 2068 8520
931 1202 1940
932 1049 2429
933 6165 8631
934 7614 567
935 3396 4689
936 9694 7400
937 6897 8671
938 8095 8080
939 7859 8271
940 2043 7569
941 7172 9270
942 7632 9710
943 5008 551
944 9869 7329
945 149 3967
946 8014 2575
947 6222 8075
948 7926 1140
949 7152 1419
950 1906 7596
951 1930 9991
952 9148 330
953 1355 226
954 1123 9569
955 7797 8983
956 719 331
957 3816 2472
958 3380 9062
959 5421 5821
960 6915 7174
961 824 865
962 3283 557
963 611 8474
964 484 7188
965 5339 8041
966 1628 6503
967 1606 6885
968 8420 7179
969 3762 2261
970 8265 5625
971 3349 9882
972 7415 3197
973 6095 9760
974 9164 217
975 3257 1485
976 9575 83
977 8928 580
978 6555 4767
979 7225 7669
980 6010 4274
981 1962 9214
982 3024 3397
983 5436 7102
984 9292 187
985 9982 9269
986 1832 353
987 2985 2037
988 395 2783
989 6234 7510
990 4030 1975
991 4246 8342
992 6958 2266
993 527 8018
994 9031 3409
995 7747 3216
996 8575 8003
997 9187 8849
998 8495 6512
999 4153 5993