0 2593 5237
1 9321 3405
2 9764 7356
3 7035 7060
4 431 4951
5 5566 2325
6 3763 93
7 3255 9768
8 508 1704
9 4441 480
10 3312 5728
11 4744 2941
12 9655 7759
13 9018 7972
14 208 6964
15 3838 9919
16 9647 5491
17 6108 76
18 5708 4156
19 7433 3770
20 7693 5814
21 8439 9470
22 143 1005
23 3728 4165
24 5215 5161
25 2665 8181
26 3096 9082
27 5605 3027
28 8880 4385
29 3542 4516
30 7315 4995
31 4625 4812
32 4044 7606
33 4345 1180
34 1135 8465
35 2964 878
36 1108 4090
37 86 6838
38 2025 1832
39 7236 6427
40 2652 2824
41 7926 3090
42 3300 5750
43 5506 8802
44 7817 3685
45 999 6635
46 7315 3831
47 2402 2232
48 8463 7279
49 2 9124
50 2617 8521
51 3405 7094
52 1014 1332
53 9268 7418
54 5871 9167
55 4650 8401
56 1059 9846
57 7785 1890
58 995 8023
59 9657 5957
60 7142 6762
61 7992 8794
62 4713 8508
63 5437 1173
64 2392 8003
65 1515 2619
66 7192 2146
67 7010 1676
68 1265 7629
69 8564 2833
70 1374 3527
71 2207 746
72 8674 635
73 8902 7973
74 9612 6132
75 672 9301
76 7905 3660
77 6027 7976
78 9611 28
79 5597 1772
80 6835 9561
81 7994 7275
82 4405 9188
83 7990 4203
84 7535 4974
85 3598 8157
86 7521 5300
87 4653 9366
88 9279 9419
89 5558 5881
90 8979 9055
91 3494 7720
92 3155 8464
93 1408 4760
94 7278 743
95 9236 8637
96 6379 1327
97 7157 7570
98 1350 6771
99 5802 7838
100 4420 681
101 9973 6799
102 7674 6427
103 3913 7932
104 4256 620
105 8150 9747
106 4932 8603
107 9720 9347
108 8402 7293
109 4591 9192
110 6877 5624
111 4579 7921
112 4094 5383
113 3172 2100
114 1720 8255
115 5954 4942
116 4230 9619
117 1841 3570
118 6601 3675
119 9290 3443
120 1412 5488
121 2405 2323
122 8233 5085
123 8796 4160
124 100 4021
125 6394 2192
126 8310 6460
127 6107 5920
128 2005 1460
129 3367 5749
130 8632 9245
131 5952 2516
132 8388 2888
133 7494 2209
134 4016 4104
135 8408 9392
136 9190 8641
137 5143 4686
138 2575 6024
139 4323 7740
140 7282 4659
141 6191 7433
142 2084 1941
143 8851 183
144 2032 1080
145 1162 3817
146 5125 9118
147 935 9091
148 4765 423
149 4285 147
150 1345 314
151 2744 5318
152 3194 0
153 2632 3893
154 8497 2881
155 6281 6729
156 2695 2840
157 3659 5408
158 6226 208
159 9955 3954
160 5715 4825
161 3 3891
162 4861 2168
163 137 3890
164 9148 1645
165 7636 4045
166 7508 8186
167 8141 3478
168 8145 242
169 8421 3294
170 6249 5236
171 9520 8958
172 5809 2571
173 7719 8487
174 4084 6845
175 9514 1430
176 6472 4101
177 3057 8081
178 3157 3111
179 4011 3725
180 8903 9545
181 1268 186
182 4387 2529
183 5786 3094
184 4141 8816
185 4683 5910
186 3228 2581
187 7895 6464
188 1208 7607
189 872 1735
190 6142 883
191 2967 4251
192 1954 3269
193 8491 4435
194 1910 8724
195 3966 737
196 9429 4463
197 9681 8934
198 4933 5989
199 1451 4191
200 7137 8464
201 4601 1580
202 8104 6047
203 9718 6259
204 1085 86
205 2060 9631
206 8913 6815
207 249 7848
208 7100 8044
209 672 2653
210 8771 9297
211 130 3409
212 1895 745
213 4382 6541
214 844 3668
215 3612 6372
216 9246 5314
217 601 7302
218 8016 2295
219 9635 7957
220 5984 3920
221 7226 9566
222 9311 4825
223 7068 6311
224 720 8710
225 5465 7184
226 6850 2194
227 4593 810
228 1410 5140
229 4523 9750
230 4355 8831
231 5740 9041
232 2485 1157
233 2294 9543
234 9573 4379
235 4053 8651
236 2495 6250
237 485 7305
238 3431 334
239 1848 5064
240 4443 3476
241 9614 1247
242 4630 2541
243 6908 8272
244 9361 2728
245 1797 9925
246 8619 5468
247 7775 4399
248 6197 4041
249 9966 9807
250 7928 1858
251 7660 4043
252 8186 2858
253 5449 1074
254 5171 6590
255 5305 5276
256 2512 369
257 9591 5433
258 1142 5045
259 456 9206
260 9026 7806
261 3842 340
262 3179 1655
263 9752 4312
264 4658 5692
265 9624 3255
266 4981 7339
267 9165 2047
268 1333 1650
269 3544 2997
270 3319 6323
271 715 7569
272 3211 1380
273 6674 9974
274 3642 6848
275 5459 5575
276 5765 5831
277 798 7144
278 6360 1742
279 4299 6202
280 132 4972
281 2107 1419
282 6497 2108
283 6714 5674
284 9681 9754
285 9958 7291
286 4944 1556
287 1337 1014
288 1050 2572
289 8174 5405
290 5263 6577
291 4988 5829
292 1688 328
293 5204 8812
294 7213 1402
295 9429 1315
296 4888 6713
297 8666 6596
298 6170 4522
299 3885 1278
300 4305 2381
301 8867 5469
302 835 280
303 865 7427
304 2488 7037
305 1650 7020
306 6160 202
307 9316 7176
308 1790 5076
309 6214 8257
310 4107 2044
311 2195 206
312 4980 3360
313 2593 591
314 5958 6882
315 8036 9689
316 9596 1409
317 5696 7263
318 5545 4337
319 4166 91
320 6555 6628
321 5780 4910
322 8219 7255
323 3946 3569
324 3961 1266
325 8254 7497
326 763 2386
327 5046 2159
328 2752 8135
329 2613 4552
330 9527 9460
331 8990 6916
332 1727 4149
333 421 426
334 812 5505
335 6878 8085
336 3711 9326
337 8089 7993
338 3855 8874
339 1031 9310
340 6644 5481
341 8766 8805
342 3546 3722
343 2175 7299
344 5200 4076
345 6228 9421
346 8844 1903
347 7698 9836
348 2492 5067
349 2760 3010
350 1641 4707
351 8614 9951
352 3682 9652
353 9941 4157
354 2092 6578
355 4365 7207
356 9703 3519
357 4669 9944
358 3588 1366
359 9053 9936
360 3585 9794
361 7226 5710
362 3745 9334
363 2653 3187
364 6313 8195
365 3522 5918
366 3737 2809
367 2357 5352
368 474 1795
369 2944 2822
370 9993 5168
371 9096 7560
372 9771 2484
373 4574 5162
374 576 9798
375 5587 1378
376 2945 4810
377 1060 9346
378 4593 9435
379 2229 9746
380 9213 677
381 9330 2718
382 3156 3408
383 6193 1829
384 2590 6426
385 9866 5643
386 6217 4116
387 4436 3819
388 7350 1998
389 123 6416
390 9926 3636
391 9385 3389
392 6640 2101
393 129 4412
394 2351 7177
395 4814 8227
396 3885 4617
397 2919 445
398 1462 9407
399 9335 3666
400 274 6551
401 8356 5456
402 7878 5571
403 2917 4980
404 6169 6395
405 5619 5881
406 7428 9890
407 5836 3735
408 8725 3409
409 597 6670
410 2765 6764
411 6981 7333
412 9113 6802
413 2755 2519
414 8462 2418
415 3181 5434
416 5295 5120
417 5588 9643
418 4366 4742
419 6011 5739
420 7030 4360
421 1900 9469
422 2146 6159
423 7938 1403
424 8056 6505
425 4777 7898
426 9575 2766
427 5498 4385
428 4325 6987
429 3323 3672
430 6910 5000
431 5610 3890
432 1244 2612
433 3466 9121
434 4997 5312
435 7018 7260
436 3974 9445
437 3128 4041
438 3813 542
439 9616 8651
440 7090 2989
441 4576 8981
442 7855 408
443 3219 710
444 5366 6402
445 2538 879
446 2420 2056
447 143 904
448 9174 7709
449 3661 8447
450 8407 5959
451 8137 3322
452 2158 1131
453 7214 2961
454 9375 1213
455 4608 9493
456 7202 6588
457 4219 2901
458 8585 4930
459 9638 8097
460 7995 5354
461 147 3587
462 7330 1506
463 8250 2023
464 7676 8666
465 8548 95
466 4400 173
467 7728 1010
468 3844 6750
469 767 4545
470 6383 6487
471 2673 9865
472 3884 4007
473 4854 1082
474 362 9382
475 5351 487
476 3582 4086
477 4143 5800
478 3229 9390
479 3862 8545
480 8526 9026
481 5268 4795
482 5163 945
483 9123 5612
484 5259 9963
485 3723 2283
486 3412 7256
487 8597 6465
488 9478 7904
489 9080 4484
490 8480 5169
491 8797 3649
492 2782 7722
493 7347 483
494 2513 1815
495 6366 57
496 1400 8616
497 9018 5659
498 9166 1712
499 8244 35
500 6565 1963
501 9278 5812
502 6659 5217
503 1324 5881
504 7836 4630
505 8059 6822
506 6355 1220
507 9796 9742
508 5842 6384
509 5631 22
510 4894 5706
511 3891 2316
512 7932 2971
513 1305 8418
514 624 4761
515 8650 6812
516 2954 4037
517 9053 6738
518 5921 7350
519 9518 4069
520 6246 1116
521 9735 1030
522 9829 7986
523 4111 4480
524 462 2733
525 7801 2124
526 7389 7029
527 4972 4882
528 1912 5091
529 7851 8097
530 354 2373
531 9168 2386
532 7484 6035
533 5723 4726
534 5255 1652
535 1959 4065
536 4190 9769
537 2732 9471
538 7426 5590
539 7245 3890
540 3906 652
541 6864 9050
542 5466 7824
543 4694 4842
544 814 2327
545 1081 4502
546 3504 7629
547 8040 4740
548 8582 1043
549 9381 8393
550 1239 6942
551 977 3109
552 8957 7922
553 398 5983
554 8740 553
555 6404 5672
556 2126 307
557 2118 339
558 1308 4297
559 8284 3830
560 7360 359
561 8740 9901
562 9733 1172
563 8338 5350
564 4582 5506
565 921 4257
566 5293 2888
567 5498 3083
568 9341 3706
569 4087 5767
570 9755 9149
571 3499 6192
572 700 2290
573 4237 4171
574 6464 7482
575 4759 7659
576 9274 5213
577 9654 6714
578 6243 3656
579 3788 3888
580 7694 8960
581 5064 1266
582 5178 4305
583 642 8332
584 7663 3635
585 4706 750
586 2181 5090
587 3718 2991
588 4638 8039
589 9845 1199
590 5785 8708
591 3146 497
592 5843 3783
593 3885 3716
594 9387 4579
595 5464 9711
596 6693 2478
597 5536 8230
598 3462 1049
599 1398 7113
600 2900 5501
601 4390 6905
602 2211 7014
603 4102 259
604 9156 4951
605 5369 2248
606 3525 8194
607 160 6293
608 2295 4330
609 6538 2215
610 507 652
611 4667 9488
612 1078 2376
613 1945 7074
614 6681 6946
615 1689 9032
616 4666 9392
617 9470 9735
618 6011 6176
619 3743 4587
620 1385 6688
621 5834 8456
622 3509 1967
623 4825 593
624 8849 1386
625 3045 2573
626 9230 2296
627 1487 7521
628 201 4691
629 8737 5374
630 7406 4343
631 2215 8916
632 7641 5917
633 7340 7669
634 1598 8463
635 5579 3870
636 8652 8288
637 2787 7917
638 8170 4280
639 4522 5902
640 9553 3130
641 3449 6056
642 7377 3972
643 1824 4535
644 1328 3313
645 4564 9346
646 7505 7552
647 29 3668
648 5531 9113
649 7204 1881
650 9969 7095
651 4370 9375
652 5951 4126
653 294 3290
654 6067 2260
655 9154 5870
656 2340 8011
657 884 1584
658 7334 3653
659 7160 1653
660 2520 8829
661 635 718
662 1037 7971
663 9120 5369
664 577 7854
665 6604 8166
666 3415 3810
667 9067 7837
668 4459 7612
669 7010 6252
670 7769 725
671 6410 4508
672 2996 951
673 8641 184
674 9367 4528
675 197 2437
676 1007 3289
677 6179 9664
678 2508 1549
679 4926 2658
680 9328 4001
681 3180 8164
682 7924 8316
683 9249 7868
684 1230 4622
685 864 41
686 8223 8084
687 7843 1946
688 2792 5329
689 4227 9424
690 2703 8814
691 8488 4260
692 7449 8042
693 7068 5650
694 9808 1035
695 8166 114
696 4313 9874
697 9236 757
698 362 7151
699 6451 3938
700 1211 9930
701 6490 6513
702 9482 4673
703 9752 9505
704 5668 308
705 5914 627
706 2330 8307
707 7631 4314
708 5604 5916
709 3036 401
710 5796 2675
711 6486 4246
712 6375 3073
713 9595 2200
714 2501 6860
715 304 7902
716 4261 9202
717 5444 1220
718 958 7477
719 2018 3082
720 2194 5520
721 7771 9521
722 6213 342
723 3671 1241
724 4398 1995
725 8070 4809
726 8819 2441
727 7023 3031
728 4082 5304
729 2607 2462
730 1605 6163
731 8092 5090
732 1233 824
733 517 9743
734 6994 1939
735 8470 488
736 5041 9507
737 6883 4649
738 4220 8545
739 5099 2447
740 5591 5383
741 2427 3837
742 3367 3907
743 107 4420
744 1930 2340
745 6452 8643
746 8057 773
747 3993 6444
748 3721 2813
749 7062 3389
750 5695 9913
751 3511 5734
752 1159 8
753 3809 5429
754 607 3741
755 272 3173
756 8577 5689
757 5613 6862
758 6894 2521
759 1919 8400
760 9480 3562
761 2151 9586
762 7549 2336
763 1789 6560
764 856 3566
765 2370 3542
766 5246 3135
767 8798 8933
768 8159 121
769 156 8544
770 4314 6224
771 6303 3486
772 2876 7757
773 5929 4388
774 6343 1492
775 4189 4209
776 4222 6145
777 345 6781
778 5320 1773
779 1955 6155
780 8523 9629
781 6477 5617
782 2567 9584
783 7950 3552
784 2428 1979
785 4480 7812
786 9636 4449
787 4919 8792
788 4324 9611
789 9740 5960
790 147 9365
791 417 3670
792 6904 135
793 7323 3407
794 655 4478
795 3075 6561
796 5455 7583
797 9231 4490
798 802 7319
799 2908 852
800 2349 7687
801 7057 3779
802 437 2565
803 3616 638
804 3731 5758
805 3805 5681
806 2363 6782
807 3292 6797
808 7463 3516
809 1183 1123
810 5937 6446
811 6095 527
812 3118 1750
813 8041 8397
814 214 9890
815 4134 8263
816 182 5826
817 9111 6602
818 9921 2455
819 3606 9014
820 4962 562
821 2543 4290
822 1112 1200
823 1506 1950
824 7279 1087
825 5253 459
826 2188 7513
827 4609 717
828 4090 1032
829 9239 1998
830 5252 6906
831 3039 9846
832 4035 7986
833 3555 9511
834 6288 6296
835 1499 5756
836 1519 165
837 6886 8805
838 9061 1858
839 2720 2728
840 6651 6812
841 8997 2884
842 5512 3523
843 7446 7351
844 9706 9220
845 8359 3596
846 1223 295
847 2074 8489
848 3321 3232
849 1399 1934
850 3296 171
851 18 4467
852 7157 2512
853 916 1426
854 1428 8082
855 9542 506
856 5761 3422
857 6060 598
858 1815 2765
859 5927 4822
860 8936 2596
861 2778 2773
862 8961 2455
863 8362 7475
864 5078 9200
865 752 380
866 2067 3224
867 925 4332
868 9874 5554
869 9137 3120
870 3210 8895
871 9814 995
872 1596 6340
873 9102 6623
874 6996 3416
875 6002 8207
876 5118 6889
877 5146 5398
878 9635 7338
879 8429 9732
880 1130 7545
881 2636 6514
882 5761 1469
883 853 593
884 4656 7533
885 750 93
886 8720 9649
887 6716 6207
888 922 6881
889 6704 8356
890 8713 8200
891 5926 7169
892 2689 2094
893 6182 5664
894 6790 704
895 4440 6894
896 6323 4057
897 3913 31
898 6711 8033
899 4953 2307
900 8424 1509
901 3703 4429
902 2260 6843
903 192 9564
904 3926 9538
905 1130 8446
906 677 9392
907 9603 3743
908 6905 7771
909 7474 6783
910 143 2692
911 304 9230
912 3498 1087
913 2422 7011
914 6499 9356
915 2179 525
916 5689 9388
917 3161 769
918 9623 2266
919 9378 2424
920 8628 4910
921 6347 9994
922 8149 916
923 5078 9655
924 6807 3711
925 1468 1259
926 9098 8945
927 7511 6814
928 732 8355
929 7929 5063
930 9404 1248
931 3377 7949
932 4660 9519
933 868 8289
934 7157 6669
935 4470 4094
936 2917 7582
937 7932 9266
938 9477 7870
939 7694 2250
940 5674 683
941 585 4366
942 3903 445
943 3425 931
944 4418 5993
945 4548 594
946 7784 2603
947 1442 1931
948 5247 1775
949 8772 8311
950 3918 6234
951 6690 6902
952 3169 7496
953 553 6564
954 5649 8503
955 4805 6671
956 3213 5165
957 7197 6024
958 1056 1325
959 9816 2490
960 4932 3610
961 5142 5289
962 7600 4245
963 9875 6838
964 8003 2374
965 5175 3084
966 5246 1843
967 2975 382
968 1452 444
969 6894 3913
970 8016 7247
971 130 4529
972 7612 3288
973 6778 4815
974 8475 1815
975 2960 3595
976 9340 9458
977 9036 1991
978 2470 2357
979 7721 3287
980 9592 1177
981 1862 9047
982 8467 9869
983 1352 3100
984 9338 3117
985 4427 57
986 5775 1200
987 9707 8198
988 2083 5455
989 9844 7321
990 7511 6250
991 8499 2685
992 6971 3085
993 6777 5037
994 6869 8266
995 6708 4902
996 6372 9379
997 9922 7298
998 5148 4557
999 2052 4578