0 2964 5687
1 2018 4129
2 1758 1451
3 6140 3341
4 7577 4053
5 9770 3286
6 5552 3154
7 2840 2719
8 123 630
9 3624 5711
10 8309 3840
11 8260 9128
12 7365 678
13 7044 9586
14 5667 2769
15 7881 8355
16 4273 2530
17 929 7335
18 9926 6650
19 5953 4788
20 6822 4366
21 714 7554
22 3826 4995
23 280 4978
24 8920 1661
25 2580 2613
26 8293 8113
27 7113 2696
28 1117 3647
29 1046 4881
30 3187 7195
31 206 1880
32 4594 7034
33 6563 2613
34 896 9766
35 9693 1452
36 3435 1570
37 6231 7706
38 940 7211
39 9611 1970
40 962 2382
41 591 6042
42 3062 4510
43 8728 9801
44 1742 6954
45 9270 9624
46 9685 9141
47 2755 3501
48 7443 2576
49 2870 2102
50 7200 4467
51 5690 7860
52 9775 2848
53 5951 7825
54 5957 499
55 9983 4076
56 1738 3867
57 4382 9456
58 8379 3070
59 3571 461
60 3674 4909
61 2580 9073
62 5117 7973
63 9419 2701
64 3127 2835
65 8265 7584
66 8563 4809
67 70 5980
68 4343 2493
69 3551 7216
70 4368 2420
71 3313 7471
72 8312 4777
73 7343 5659
74 6348 5391
75 5742 9116
76 6849 3212
77 8941 686
78 1137 8797
79 9047 6390
80 8488 502
81 8174 3652
82 4607 4239
83 3738 8105
84 7626 2159
85 2241 2824
86 764 6036
87 5755 5124
88 8526 7072
89 1359 3268
90 687 3205
91 2225 689
92 8497 2097
93 5407 5087
94 137 7149
95 7379 5907
96 1138 1305
97 9492 9857
98 7967 48
99 1412 1499
100 704 1228
101 2335 7158
102 4267 3099
103 865 7004
104 3881 626
105 7483 4296
106 6071 9350
107 9199 1395
108 893 4741
109 4388 1899
110 2702 3158
111 7963 3840
112 1399 5054
113 324 1980
114 194 2579
115 9510 5096
116 3094 1773
117 2006 7510
118 4335 2430
119 1167 9920
120 2308 2235
121 838 3262
122 1390 8174
123 8883 8640
124 1415 299
125 5537 4957
126 178 584
127 7062 4011
128 6385 1295
129 4223 9766
130 8721 3177
131 9891 3885
132 5855 3546
133 9513 2493
134 2918 6996
135 5156 5463
136 5045 9700
137 431 7656
138 9975 378
139 2995 5849
140 9387 4398
141 5213 1070
142 5573 1751
143 440 2303
144 6630 9701
145 3670 1236
146 85 4889
147 7525 6879
148 6180 3049
149 2429 5117
150 9693 3485
151 7130 634
152 3062 8663
153 7482 9408
154 3074 1493
155 6865 7680
156 4297 6921
157 9648 9815
158 780 9811
159 2102 8690
160 3954 518
161 9050 9041
162 2258 18
163 7770 1674
164 355 1434
165 8846 8482
166 8498 5077
167 5076 6747
168 4631 5235
169 9613 6241
170 4833 4474
171 7681 4976
172 9454 2969
173 8244 2590
174 2772 1994
175 7735 6293
176 9047 7407
177 7702 2502
178 7935 1315
179 4089 5974
180 2219 5235
181 6801 7684
182 3749 958
183 5477 6910
184 9775 5175
185 9971 8851
186 5911 5887
187 6242 6290
188 7895 2879
189 4049 2112
190 2780 8310
191 9216 3948
192 5344 7793
193 4072 104
194 8463 4264
195 1343 3422
196 1608 1189
197 2981 4834
198 4821 7026
199 731 9946
200 1327 6637
201 2785 2457
202 3167 4179
203 3218 8708
204 3539 7931
205 5947 9318
206 1274 1631
207 1948 9461
208 3345 9144
209 8175 8189
210 4108 6846
211 604 6944
212 3098 7658
213 8433 4503
214 7734 4572
215 7112 3482
216 9852 819
217 7988 7387
218 8575 4476
219 5094 3685
220 9670 6628
221 7410 1238
222 4069 618
223 5214 6766
224 2878 3959
225 3508 8711
226 3015 6448
227 3803 2347
228 6035 1045
229 7132 3090
230 1802 8488
231 6079 5640
232 8859 6587
233 2369 2224
234 7289 1304
235 6313 9635
236 3677 7018
237 5084 7619
238 7509 471
239 9971 6959
240 5334 3209
241 6983 1662
242 2964 1991
243 8314 5677
244 8939 4306
245 4301 5781
246 7363 9669
247 6160 7301
248 2531 8748
249 6902 1624
250 2975 4296
251 8575 4453
252 7470 664
253 4318 8011
254 5840 4256
255 7378 4979
256 120 5901
257 1709 7346
258 2859 718
259 7201 5479
260 9803 6328
261 4014 73
262 4189 2501
263 2337 2132
264 3489 3427
265 859 1652
266 257 6147
267 3893 9750
268 9527 843
269 361 8680
270 5944 4902
271 5625 9081
272 9676 8563
273 6329 9639
274 441 3641
275 7851 7361
276 4364 7742
277 4016 8084
278 2667 7288
279 1214 8676
280 4531 372
281 3106 1329
282 3893 8597
283 6064 4074
284 5133 2894
285 3228 6563
286 2500 8176
287 673 3506
288 6309 2868
289 9052 2593
290 7291 2251
291 1621 3736
292 4860 4165
293 3941 965
294 7900 5566
295 80 3780
296 9576 3980
297 361 2511
298 2684 4823
299 9502 105
300 5333 1538
301 3138 5896
302 8598 9348
303 7827 5634
304 8559 7302
305 313 3156
306 6470 1389
307 1003 8274
308 9724 8044
309 1049 6300
310 2874 1173
311 4786 3670
312 3222 8173
313 3009 9645
314 5490 721
315 8152 8387
316 3216 5787
317 8524 3345
318 4321 8359
319 7614 7859
320 9897 8568
321 453 6588
322 8464 9855
323 5052 9648
324 4883 1789
325 1230 1030
326 4143 2913
327 5366 263
328 8303 2535
329 8002 2508
330 4388 9816
331 6698 5974
332 7305 7366
333 9022 4762
334 1997 2938
335 1527 9399
336 7847 1444
337 8404 8362
338 7927 3267
339 2002 1971
340 1384 509
341 2051 9468
342 6189 9171
343 1963 5938
344 7454 2968
345 6253 7328
346 6872 7677
347 797 5715
348 7043 1559
349 5707 3913
350 4009 5321
351 448 8625
352 1823 7611
353 5565 6337
354 5853 7009
355 9915 6984
356 1636 8959
357 372 8004
358 2304 5794
359 3785 9260
360 1102 6091
361 5387 4848
362 6701 4738
363 4915 9085
364 5216 7347
365 1929 7400
366 380 6166
367 1566 4477
368 7845 4691
369 620 6661
370 5922 4704
371 8664 4622
372 5841 6869
373 844 5777
374 9860 5251
375 4792 5334
376 4349 1113
377 9662 2488
378 9649 3204
379 4163 3714
380 2918 1480
381 3465 724
382 5103 2846
383 7588 964
384 8591 1482
385 6278 3060
386 9417 7934
387 3139 275
388 1544 2375
389 5078 7494
390 8676 597
391 9480 583
392 8956 9761
393 8304 5301
394 9104 7661
395 5861 7625
396 9296 3750
397 5755 9083
398 3904 7887
399 8609 1751
400 8420 1894
401 7353 1541
402 1555 5178
403 7267 6039
404 8539 7564
405 8053 1699
406 1324 3717
407 5779 8290
408 7329 7507
409 3946 9774
410 6425 6069
411 3610 9261
412 5728 2749
413 8788 8494
414 2894 6525
415 3630 8342
416 9519 758
417 2781 94
418 346 8611
419 7845 4653
420 2137 7098
421 3109 1870
422 5240 3927
423 4020 388
424 231 3938
425 8300 3413
426 2762 1963
427 4846 5552
428 1414 7133
429 2552 220
430 6506 9194
431 4441 5733
432 3773 1780
433 2587 6290
434 4501 5156
435 6541 7623
436 5985 9673
437 8254 8101
438 797 4803
439 9927 9372
440 8856 7094
441 4244 2770
442 4498 4458
443 2482 650
444 3632 3312
445 826 8951
446 1206 2671
447 6814 2824
448 2432 998
449 8266 9429
450 5399 3022
451 9285 7823
452 1703 7763
453 1852 2651
454 6404 7874
455 592 3534
456 4998 602
457 6610 4084
458 6078 1773
459 8569 2940
460 5832 3918
461 3765 4854
462 4881 4989
463 4682 5549
464 1185 2747
465 7300 977
466 2766 1371
467 2258 9936
468 8070 5588
469 6407 4817
470 9574 3195
471 3743 3710
472 6542 1559
473 9768 2949
474 4439 2227
475 9853 8956
476 9109 1716
477 9652 3160
478 5920 505
479 3906 7998
480 4715 6121
481 4381 246
482 1545 8848
483 1288 2280
484 6598 8557
485 1534 8019
486 7846 9964
487 2497 779
488 4471 2296
489 9338 1017
490 6705 3570
491 651 5895
492 6899 5682
493 3035 9633
494 9624 6568
495 2038 4440
496 4433 2536
497 6480 9584
498 8195 3395
499 2204 490
500 8394 3742
501 1369 8377
502 1476 9979
503 7796 6941
504 8063 2796
505 4966 8569
506 2803 1624
507 5314 5539
508 6526 5822
509 4702 7780
510 5778 1704
511 9399 5784
512 8856 1321
513 5582 8604
514 8626 2508
515 483 7946
516 895 9936
517 6202 7932
518 2026 3673
519 5849 3481
520 3603 9432
521 332 2128
522 7489 7530
523 2576 270
524 2074 4496
525 9317 3639
526 355 1819
527 4499 4341
528 2578 1270
529 2475 4804
530 4843 3889
531 3772 6263
532 4521 8515
533 3526 5301
534 9983 438
535 8761 3483
536 9 3550
537 8757 3109
538 2320 2720
539 6829 1235
540 8902 667
541 9214 2655
542 5384 2372
543 9488 4107
544 8312 1437
545 6056 6178
546 3185 6921
547 2455 5320
548 6777 6918
549 6416 2199
550 787 2478
551 3615 7483
552 1891 5702
553 756 5700
554 7443 3765
555 7107 6808
556 2797 1505
557 3599 2636
558 3769 7025
559 4257 8666
560 112 7267
561 3124 415
562 2710 9647
563 2415 382
564 2122 6387
565 4192 6776
566 1807 5195
567 3345 8280
568 1257 6699
569 9432 910
570 2297 1665
571 1616 3606
572 8869 1974
573 902 1900
574 5303 4582
575 876 6588
576 9796 564
577 6588 5701
578 2840 3998
579 7261 4006
580 2332 8328
581 5318 1474
582 1784 8290
583 4272 8537
584 8883 8948
585 5715 9141
586 8966 1444
587 3827 4932
588 7584 4044
589 3759 4540
590 9905 2134
591 2054 1302
592 911 4
593 6934 4252
594 6740 7823
595 5263 9646
596 7537 7025
597 9950 6593
598 1432 4541
599 4927 7560
600 6989 5678
601 2696 4607
602 5945 5709
603 5770 9332
604 4428 3946
605 1036 1340
606 6390 2111
607 5224 1786
608 8328 9903
609 8946 4308
610 5709 5185
611 50 3085
612 4383 7496
613 8727 5503
614 9907 9990
615 5894 8442
616 9444 6469
617 6153 2038
618 9896 5738
619 9154 8801
620 5229 1500
621 7932 3918
622 9345 1628
623 5233 2935
624 2574 6313
625 7626 5597
626 1118 8775
627 3080 6202
628 8601 528
629 1482 5694
630 6206 320
631 4417 7980
632 8758 9592
633 2371 5645
634 9101 6735
635 6027 832
636 7985 5058
637 1210 328
638 1290 2606
639 6217 3984
640 5439 3575
641 589 807
642 6361 4002
643 5136 4622
644 5564 2215
645 307 9623
646 9497 5174
647 8182 7964
648 7565 4256
649 814 6615
650 2754 6023
651 4825 7275
652 6535 6208
653 7608 4188
654 3836 2743
655 575 9390
656 3801 8070
657 2335 3392
658 5631 6801
659 798 9590
660 6084 6615
661 5278 3513
662 3571 318
663 8636 7986
664 2697 9248
665 1446 9714
666 4333 7778
667 6851 9379
668 9404 331
669 9786 7285
670 9369 1662
671 1109 2903
672 7144 3829
673 7372 2680
674 5637 3539
675 259 1244
676 1642 2324
677 6052 3298
678 3089 4559
679 9586 5111
680 3011 1861
681 5425 456
682 6665 5864
683 4059 3794
684 7070 3496
685 9293 2448
686 9455 4383
687 9093 885
688 9519 3122
689 8670 2323
690 333 969
691 8319 8478
692 8169 2163
693 4787 9633
694 8650 4855
695 2174 13
696 1309 8175
697 6551 9418
698 8475 8622
699 6432 7053
700 6820 6448
701 7250 8070
702 4107 6964
703 5047 7631
704 6458 9380
705 15 8996
706 6485 3953
707 7430 1839
708 5172 7696
709 8625 3183
710 1303 3923
711 9839 2326
712 5710 7985
713 5808 1061
714 1354 8689
715 59 7189
716 7262 5283
717 9262 569
718 8782 4103
719 5490 2588
720 1109 1605
721 6982 5078
722 2774 2945
723 1591 5177
724 2560 7098
725 7487 6930
726 816 9055
727 8207 7806
728 2553 979
729 320 1901
730 2683 9005
731 1306 1858
732 1560 4793
733 3740 53
734 3071 7116
735 4857 7598
736 3233 7452
737 5136 9619
738 3336 6192
739 6116 4638
740 6529 852
741 6645 9939
742 4946 7520
743 3739 3425
744 4468 8451
745 7145 7215
746 8903 4685
747 8775 9394
748 2732 325
749 4945 5527
750 8586 448
751 4494 6697
752 4715 7161
753 6624 8067
754 8818 8094
755 9104 9912
756 3304 9785
757 7765 8602
758 8775 1135
759 7022 3792
760 9111 7446
761 6348 1139
762 6719 2554
763 9933 5073
764 9006 3521
765 1151 3931
766 1583 9064
767 8711 3216
768 6562 5539
769 8009 6771
770 2398 8103
771 5176 458
772 3360 7938
773 1671 8935
774 2662 7125
775 1345 4872
776 6842 7307
777 9846 6056
778 3963 6270
779 6003 8333
780 5575 5009
781 700 19
782 7729 8549
783 2815 8491
784 7272 3544
785 3294 4213
786 7474 9954
787 6470 5181
788 4187 344
789 2679 2173
790 5420 441
791 9365 9981
792 151 6889
793 5444 908
794 8246 9416
795 4909 3944
796 650 5271
797 4422 7087
798 157 528
799 483 5157
800 1215 3270
801 761 8523
802 7342 4671
803 2688 59
804 876 3995
805 6200 8551
806 3992 4785
807 1538 2614
808 3774 8062
809 8729 7426
810 8685 6196
811 6564 2324
812 8420 7137
813 323 4932
814 9561 1527
815 1326 9099
816 9153 2261
817 6980 2972
818 2709 4399
819 7557 4127
820 3359 5188
821 7683 3882
822 6588 7369
823 8819 8923
824 3622 3390
825 4630 6665
826 7642 1822
827 4204 683
828 8693 1195
829 5938 8424
830 9675 1017
831 2795 4595
832 2338 1146
833 3978 4351
834 9425 5221
835 4856 6035
836 457 1691
837 6745 9182
838 8856 1203
839 4008 5133
840 4860 1040
841 2861 7194
842 7724 883
843 5049 967
844 4853 6698
845 3377 2604
846 9331 6925
847 8608 8520
848 8655 1168
849 3422 135
850 6039 9810
851 9915 8861
852 516 317
853 6679 3225
854 8360 3286
855 870 9345
856 2698 1862
857 2005 3944
858 9226 1432
859 6191 1042
860 6762 9825
861 7136 8329
862 6861 3360
863 3662 4118
864 1203 8904
865 1423 4217
866 8596 6997
867 4467 2897
868 4622 2130
869 9138 3089
870 9518 2010
871 6338 758
872 1829 661
873 4551 9610
874 8940 2448
875 6693 2742
876 8360 7910
877 5744 595
878 7889 8697
879 6927 9191
880 4509 7694
881 3021 4235
882 3826 9248
883 987 5015
884 7326 6554
885 9468 9968
886 5012 5365
887 843 3007
888 6 9792
889 3641 3001
890 5397 3901
891 1387 698
892 3167 1910
893 8701 6284
894 7654 2807
895 7323 5797
896 9850 1799
897 838 3537
898 8590 6594
899 6949 3421
900 1275 317
901 7544 5748
902 7778 4988
903 7160 6843
904 117 8253
905 2170 8668
906 2568 5012
907 4869 8089
908 9947 996
909 6514 3740
910 9802 8097
911 2121 3416
912 8849 5563
913 1808 1741
914 6904 5493
915 5115 2838
916 2776 9650
917 6772 597
918 3408 7262
919 3686 2817
920 3219 785
921 5039 7582
922 2479 4989
923 2929 6838
924 7702 6386
925 9409 3388
926 7898 2410
927 8519 6800
928 7807 4160
929 8513 3128
930 3538 8076
931 8326 9660
932 170 7699
933 5702 6773
934 9682 2426
935 9041 2562
936 2928 1879
937 6756 7564
938 2680 7309
939 7468 1214
940 779 238
941 3595 2604
942 9481 3482
943 3023 8567
944 6818 9151
945 1176 1222
946 732 7261
947 4120 9456
948 5272 5819
949 1409 1138
950 5128 350
951 9130 2039
952 9760 5731
953 5622 990
954 2274 5607
955 7347 3634
956 6501 6532
957 1440 5231
958 1434 9373
959 2673 126
960 7843 3294
961 5127 5060
962 997 1262
963 6662 5346
964 2965 2762
965 7780 9036
966 6509 1683
967 8126 2834
968 5856 7357
969 7074 1607
970 7347 9362
971 5911 5054
972 5707 7525
973 5747 7665
974 46 4498
975 612 6958
976 5875 6222
977 4838 2750
978 7638 7955
979 4306 7699
980 119 1487
981 3846 45
982 4787 9901
983 1717 728
984 9897 3296
985 6997 1461
986 328 3841
987 7281 5024
988 5500 444
989 8156 6281
990 7606 9712
991 5045 1059
992 6703 2625
993 3210 9583
994 1422 4070
995 9304 3574
996 6860 7767
997 2420 3876
998 3017 8166
999 6731 653