0 6665 9242
1 8976 8395
2 7740 688
3 1675 9474
4 2889 8541
5 720 5717
6 6745 9665
7 219 159
8 9813 6247
9 5689 1110
10 3045 4264
11 5860 1789
12 2751 2507
13 4675 7855
14 5002 2334
15 2142 9402
16 7009 6457
17 8604 8087
18 4652 8460
19 656 8060
20 8759 2638
21 9599 2914
22 2096 1903
23 5568 5341
24 1921 8577
25 9461 7608
26 9940 7034
27 8657 2378
28 5317 50
29 6877 981
30 225 2671
31 3450 7685
32 2544 795
33 9325 9013
34 8960 6178
35 5445 9405
36 9291 4656
37 3349 1262
38 9796 4455
39 8881 5192
40 5512 5613
41 4038 9833
42 7223 8177
43 4643 8983
44 3293 7455
45 2567 679
46 2379 7904
47 7409 2051
48 5348 3192
49 9316 309
50 6483 6231
51 7880 6769
52 5074 3838
53 8760 4875
54 2719 2282
55 227 6341
56 9857 7039
57 4579 9157
58 6185 4749
59 36 7484
60 4144 7754
61 5460 9750
62 2257 3774
63 6641 3970
64 959 7021
65 935 9745
66 2716 8986
67 5660 6668
68 8603 4028
69 8927 2186
70 1125 8547
71 9276 9183
72 4708 7836
73 7334 466
74 538 8183
75 5993 6659
76 187 9683
77 6467 6910
78 4594 1882
79 2082 6996
80 8956 8994
81 1128 253
82 8557 2963
83 3731 1674
84 185 9564
85 3487 1761
86 4610 3121
87 7773 6428
88 2619 9620
89 8037 650
90 5309 7570
91 8500 3032
92 9055 7108
93 6372 7282
94 6324 1855
95 5160 2272
96 2608 2978
97 1803 4093
98 567 7220
99 3470 8922
100 4046 4378
101 8884 6486
102 7141 6742
103 4180 8301
104 5763 9954
105 8844 7163
106 9375 9870
107 5145 1944
108 5844 9649
109 6782 9608
110 3237 9138
111 1142 2606
112 9514 4943
113 1107 3704
114 7863 5396
115 7098 7976
116 8591 2984
117 7668 3174
118 7740 7392
119 6589 4292
120 859 6697
121 3757 3082
122 7758 4342
123 2088 5156
124 1953 7157
125 9592 8797
126 1082 3457
127 7875 2102
128 5765 6097
129 7406 7160
130 3840 7824
131 5719 4186
132 2996 1167
133 4908 8950
134 9545 7847
135 1303 1401
136 7873 6466
137 5493 3631
138 4514 8636
139 8246 236
140 2716 5015
141 8935 283
142 9075 6949
143 3407 2844
144 4020 8583
145 5551 6664
146 1573 6203
147 5021 4302
148 8882 6408
149 1631 9375
150 6305 2595
151 5922 1555
152 8761 9553
153 1826 818
154 802 7679
155 2862 6308
156 7481 9944
157 7983 5859
158 4964 17
159 8445 3499
160 6606 3515
161 5293 3463
162 3020 8523
163 1655 4038
164 7703 9510
165 5824 445
166 3073 3297
167 8874 521
168 4035 4642
169 3348 633
170 6320 73
171 7080 2742
172 2681 7992
173 4984 1072
174 8538 4822
175 6201 9548
176 3854 3501
177 6707 1957
178 1848 5347
179 1012 4988
180 6219 1409
181 6214 5979
182 7713 1408
183 9717 4455
184 765 2298
185 6092 1751
186 1687 3858
187 3520 9761
188 2156 1922
189 8643 2434
190 4005 6922
191 5291 4549
192 7602 9583
193 1829 9009
194 0 4280
195 2863 6208
196 3773 8951
197 378 6315
198 4495 9705
199 5173 8012
200 8860 5926
201 3723 8830
202 9240 1724
203 6611 1051
204 2321 8609
205 1854 9521
206 6269 6563
207 380 2221
208 491 4399
209 6661 9404
210 2509 5535
211 523 7532
212 4752 8082
213 4535 1112
214 6138 7861
215 6426 974
216 352 4640
217 4076 1390
218 4890 4885
219 5459 944
220 9013 415
221 5075 8108
222 7520 1914
223 7619 2736
224 7614 6265
225 3760 77
226 308 3194
227 8780 8143
228 8522 5662
229 5753 9232
230 626 8684
231 3819 5352
232 138 9671
233 1804 8871
234 5856 6776
235 7322 579
236 4812 3314
237 2458 3461
238 9493 9439
239 6055 188
240 1857 3709
241 8109 9204
242 4673 2804
243 8349 6203
244 2464 3073
245 5519 4950
246 4703 7719
247 2185 2260
248 7736 1468
249 6950 1195
250 3995 7000
251 5663 6962
252 9564 5225
253 1337 9145
254 5489 4482
255 3956 8362
256 6594 1824
257 919 6773
258 6238 8421
259 961 4519
260 4640 7108
261 3319 8248
262 3558 5456
263 5595 7446
264 9760 7323
265 2453 1684
266 1317 8011
267 9584 5892
268 9687 2257
269 7132 4311
270 5134 530
271 5797 3954
272 8458 2762
273 2211 1751
274 7313 9739
275 7172 5967
276 430 3116
277 632 6883
278 4538 7219
279 9696 2402
280 5416 4324
281 1008 3980
282 5561 4016
283 8619 10
284 1886 2753
285 9693 128
286 9191 1785
287 8630 9870
288 8594 8008
289 2986 1302
290 7185 6043
291 1203 2411
292 6547 4478
293 7963 9340
294 468 8045
295 2276 2859
296 8569 8080
297 5611 9832
298 7281 7837
299 3588 1904
300 8746 3535
301 7406 7322
302 3838 3664
303 1230 1294
304 5004 5834
305 3220 8260
306 7570 3851
307 6147 3332
308 8290 548
309 4295 8546
310 8992 5333
311 4944 9706
312 2963 1222
313 8361 770
314 6791 6107
315 1952 4877
316 2910 1736
317 5078 8880
318 9908 9322
319 3533 8348
320 8005 3636
321 9112 3981
322 3661 8253
323 6839 1999
324 9611 9998
325 823 3541
326 1987 4506
327 9574 9999
328 6756 3179
329 120 169
330 2832 6289
331 8830 9818
332 2601 1
333 6096 6687
334 4873 8207
335 8506 4631
336 7540 6840
337 2725 8523
338 4452 6160
339 4085 7753
340 7771 996
341 5197 7005
342 5758 5541
343 9685 1733
344 3047 5436
345 930 3554
346 75 4690
347 7033 738
348 6933 2034
349 6600 3898
350 8121 8003
351 6854 8146
352 9060 9801
353 2053 3089
354 9629 7348
355 6380 7340
356 4466 6968
357 7784 1311
358 5106 5626
359 5858 1827
360 7125 4965
361 2829 2376
362 5519 8839
363 672 3966
364 2783 8917
365 79 7343
366 3039 1665
367 8661 3545
368 278 5785
369 4721 3411
370 4383 2888
371 8409 7679
372 390 1771
373 6531 5997
374 3615 4110
375 5425 3243
376 6981 8775
377 4287 9617
378 7761 5814
379 4575 1620
380 4499 5022
381 1051 9974
382 8057 2455
383 9913 4618
384 3719 9780
385 661 8111
386 7934 4687
387 6887 6625
388 7881 2607
389 9922 4116
390 6470 3456
391 888 3801
392 175 7115
393 4325 4180
394 1465 4987
395 4550 4631
396 7917 9735
397 250 7185
398 3610 2154
399 744 7292
400 965 4929
401 1645 2302
402 9570 5998
403 8970 1142
404 8585 2739
405 8300 8725
406 558 3455
407 8837 7557
408 3875 6605
409 906 2890
410 6207 3994
411 3766 5349
412 8979 9007
413 2442 8532
414 6203 4926
415 6912 2121
416 826 9990
417 5094 8944
418 4282 603
419 3850 6276
420 1702 5255
421 7493 3403
422 8587 1000
423 8578 2497
424 3641 7995
425 9750 5415
426 6028 5937
427 9931 308
428 6020 6136
429 1206 4907
430 488 4763
431 3357 3396
432 1131 452
433 1106 5644
434 5387 2494
435 2459 2766
436 5569 890
437 7002 2592
438 7786 5866
439 7203 7012
440 2617 8089
441 7704 9071
442 391 6867
443 2553 7809
444 2982 9398
445 8032 4552
446 7736 1375
447 6031 1082
448 3641 2705
449 6335 2724
450 3957 5846
451 6614 9361
452 7949 8580
453 8713 1558
454 2600 1994
455 6267 4134
456 2977 5522
457 4729 8269
458 2269 2488
459 2922 4090
460 9023 2814
461 5685 844
462 4013 3637
463 343 7699
464 5586 5891
465 7993 9777
466 5167 2807
467 9040 159
468 7487 3268
469 9725 2761
470 2599 4710
471 1161 7523
472 7626 8115
473 5363 5188
474 1932 1363
475 4805 1996
476 5156 9453
477 9803 8608
478 9761 8682
479 5451 1272
480 8911 7662
481 2179 9329
482 9683 747
483 5564 216
484 2540 7669
485 5380 5600
486 8756 5592
487 1450 7
488 1754 7104
489 7426 5045
490 6328 2371
491 4437 1151
492 344 9485
493 6605 286
494 1065 6040
495 6429 7439
496 8334 2167
497 5020 7526
498 8088 9439
499 9165 9067
500 6119 7796
501 6053 6718
502 9336 3517
503 4365 3618
504 2251 9288
505 5968 8169
506 6186 2535
507 4400 3773
508 6204 8396
509 672 7319
510 3833 6218
511 6561 5186
512 6618 1697
513 3961 4005
514 2113 1211
515 8565 264
516 7064 3961
517 6850 8224
518 8542 5163
519 9826 1047
520 4847 2194
521 7309 2495
522 3788 2467
523 158 492
524 6557 3495
525 4473 7665
526 596 9526
527 3527 3809
528 502 7441
529 2546 9946
530 3899 6762
531 1440 8555
532 9183 916
533 5705 2565
534 3286 2305
535 3550 3833
536 9257 3443
537 7514 9804
538 3458 9668
539 9018 8336
540 98 1571
541 1028 7762
542 3154 443
543 6231 695
544 8438 7908
545 5048 1731
546 3492 7447
547 8384 6341
548 4450 7020
549 801 3612
550 8815 5714
551 9998 7203
552 7588 8856
553 5724 5191
554 4010 2838
555 7625 4550
556 3576 4629
557 7789 5248
558 6284 9774
559 2316 4859
560 145 2983
561 5951 8393
562 5062 427
563 6786 2699
564 3053 6757
565 1819 6003
566 7478 655
567 6256 3008
568 7431 7039
569 3129 9716
570 6055 8223
571 924 9976
572 5138 8682
573 3546 8408
574 3462 7079
575 1624 5309
576 8492 1811
577 7864 7652
578 3170 2275
579 3320 3682
580 4135 1425
581 2502 4305
582 2323 2772
583 9541 7337
584 2142 2017
585 3427 8438
586 8765 1033
587 5760 461
588 7185 4513
589 1275 2758
590 683 9920
591 7763 8738
592 4344 1688
593 9888 5520
594 6108 7534
595 2691 9011
596 6591 3321
597 974 7939
598 5262 4258
599 8132 3965
600 6072 6780
601 6361 2099
602 5439 3441
603 8197 5812
604 2601 9233
605 522 756
606 5873 410
607 3962 505
608 7862 4099
609 5977 3358
610 105 8705
611 3144 1868
612 4294 9980
613 7988 1954
614 5135 161
615 6753 9256
616 3428 4343
617 8964 9081
618 7439 7143
619 6444 1854
620 8177 503
621 1240 1464
622 5897 5637
623 2034 3413
624 2297 9667
625 8063 5278
626 6096 1426
627 586 3708
628 3535 9210
629 7628 1857
630 2595 9868
631 8005 2187
632 215 4983
633 1754 7234
634 7662 4865
635 5442 7021
636 5569 2502
637 2960 2010
638 4619 3598
639 2915 989
640 4808 1031
641 6023 7594
642 6030 450
643 2597 3586
644 2151 1385
645 5955 1081
646 9385 2658
647 6775 8084
648 1398 723
649 3642 1855
650 5274 9479
651 2893 5023
652 6565 2173
653 7941 2024
654 8841 833
655 7376 4918
656 8546 9037
657 3715 8652
658 4732 7342
659 4655 8551
660 8385 1852
661 702 5395
662 3250 8223
663 5132 7210
664 9830 9132
665 799 7946
666 6692 1696
667 1436 4293
668 6134 5790
669 8614 9476
670 3120 4432
671 44 9409
672 369 5103
673 9849 3626
674 792 6268
675 8934 2310
676 1761 3387
677 9011 3985
678 1933 3578
679 5507 2527
680 5699 7762
681 9365 8927
682 4667 3332
683 3570 8540
684 8804 4771
685 265 2590
686 2591 8596
687 2093 8829
688 468 8324
689 9398 852
690 606 1921
691 4636 9662
692 1131 5566
693 2576 7518
694 8140 9625
695 759 232
696 426 3353
697 2187 829
698 8748 1657
699 1910 4165
700 2884 4333
701 5165 4763
702 2466 5923
703 5334 2273
704 5844 4494
705 9110 9664
706 3089 7311
707 7349 5881
708 5629 1458
709 5522 2521
710 207 1374
711 3216 1736
712 9221 9415
713 6722 4121
714 2283 9877
715 3958 9629
716 4730 9305
717 320 9397
718 3842 8691
719 5838 1028
720 4889 9669
721 2373 2385
722 8069 145
723 4635 9619
724 6752 4711
725 4406 1073
726 7676 6964
727 9709 1064
728 6669 1365
729 4237 8491
730 8246 5251
731 3831 1011
732 2660 7613
733 2011 7837
734 9304 989
735 1112 4370
736 4954 2030
737 316 4977
738 9857 4620
739 5014 5900
740 9057 9454
741 6838 9871
742 6195 1390
743 4570 9186
744 79 9158
745 950 8114
746 1513 7504
747 3690 628
748 6023 4784
749 8739 2045
750 6466 8753
751 280 5620
752 2372 9756
753 5900 1870
754 4612 5043
755 207 7380
756 7692 2247
757 8238 1671
758 3406 9805
759 8068 1069
760 4031 5580
761 2472 8295
762 5313 1770
763 9962 5085
764 8113 6256
765 5542 6735
766 295 7383
767 948 1243
768 2739 628
769 6508 9749
770 7234 2150
771 4538 2363
772 8895 5523
773 2517 6839
774 1429 8183
775 3836 2601
776 7524 1424
777 7963 3472
778 9139 2242
779 6375 3333
780 6607 9042
781 5720 8972
782 3206 7958
783 1971 8439
784 4528 8877
785 3512 1770
786 722 3434
787 9074 3927
788 8327 716
789 9185 2861
790 4189 7796
791 7102 2742
792 4638 5500
793 5872 3158
794 7095 2734
795 8654 7247
796 3082 372
797 8542 677
798 2005 4171
799 9156 9878
800 9705 4056
801 354 4325
802 4027 3740
803 6236 3878
804 6411 8697
805 202 8994
806 680 366
807 8637 7772
808 9205 2927
809 1532 7089
810 1812 7862
811 4161 6937
812 5714 9122
813 8773 8934
814 5670 5003
815 2072 4443
816 6715 9039
817 2492 9641
818 2527 9649
819 7233 133
820 1029 8340
821 8585 3632
822 9200 3318
823 39 6257
824 307 3264
825 827 8863
826 4796 979
827 256 8439
828 8580 988
829 1567 6247
830 9874 4802
831 9855 6756
832 7542 9499
833 7289 7103
834 9253 2380
835 7473 9538
836 1870 6188
837 3616 4614
838 9958 9307
839 397 5545
840 7688 8837
841 7451 2403
842 2069 9144
843 8915 7433
844 3192 2941
845 8712 3020
846 3600 5993
847 5003 802
848 8477 1155
849 3836 4487
850 9813 4359
851 7200 8648
852 8410 877
853 6344 7044
854 9476 3433
855 3479 2448
856 8981 2560
857 7329 6647
858 9322 9287
859 5669 6862
860 6086 986
861 1540 6932
862 8773 8131
863 5619 1074
864 7319 7045
865 5128 493
866 7332 9190
867 3935 3305
868 7729 5725
869 6104 9349
870 1134 3544
871 3832 6735
872 784 6178
873 6628 2444
874 6626 3907
875 7602 1564
876 4963 3430
877 5730 5049
878 2529 5098
879 3088 6223
880 5465 5096
881 1322 6262
882 6769 6747
883 1767 6274
884 8096 9052
885 3837 2364
886 6339 8025
887 3294 8974
888 9768 1217
889 8729 8479
890 56 4902
891 3962 6870
892 1926 8348
893 3001 7770
894 6712 6990
895 4435 7938
896 1863 2410
897 5437 3726
898 2810 5936
899 1817 9045
900 5611 5593
901 1159 1256
902 6261 1024
903 2951 4327
904 5390 4845
905 5854 1462
906 222 9483
907 1357 5948
908 4316 4590
909 7350 7627
910 8239 1135
911 2165 2872
912 194 4455
913 3741 9948
914 1787 5109
915 3283 1456
916 3761 6589
917 4428 3379
918 9401 999
919 2646 9266
920 4810 1248
921 1602 344
922 4771 7857
923 1815 1005
924 2897 4849
925 6823 3746
926 3365 3390
927 8465 7186
928 1327 7757
929 5100 9038
930 3703 9137
931 4468 4728
932 737 9303
933 613 6892
934 6160 9079
935 8893 4150
936 2426 4363
937 6843 5508
938 7127 3500
939 590 1844
940 5704 1627
941 828 7244
942 9504 7741
943 6048 1257
944 7896 2740
945 8191 8939
946 3743 9419
947 1556 2810
948 5939 1916
949 7860 7865
950 1465 5726
951 4799 1188
952 9344 1901
953 7419 6092
954 661 1410
955 172 8485
956 4585 5290
957 2849 5000
958 7171 560
959 1612 2377
960 3734 3264
961 8382 4589
962 5782 7102
963 8014 7382
964 1338 2840
965 9423 9005
966 6719 1117
967 7676 9835
968 1857 8429
969 5415 8621
970 8586 7718
971 795 5478
972 6346 6767
973 376 8035
974 3616 6282
975 4666 9324
976 2503 8663
977 861 4326
978 9977 9387
979 427 2852
980 8656 1732
981 279 2044
982 6170 5632
983 1162 6035
984 903 6087
985 6289 2177
986 8949 7593
987 9849 3630
988 1190 8549
989 2081 2517
990 6818 3763
991 4692 1187
992 8100 3876
993 1400 5433
994 6089 3773
995 5915 5041
996 1360 6809
997 5546 7414
998 5260 5481
999 5465 1980