0 516 9213
1 1041 1416
2 4168 5688
3 1295 1354
4 5006 582
5 2745 3495
6 9665 6117
7 1036 2693
8 8152 4599
9 1177 8405
10 8051 2519
11 40 848
12 1855 7360
13 4317 9765
14 4410 1299
15 5437 379
16 6927 6000
17 6864 327
18 9219 1093
19 6146 3058
20 7629 1422
21 3323 9167
22 4930 6056
23 8215 1533
24 6539 1352
25 2059 2359
26 3703 2464
27 474 7979
28 6925 4286
29 4398 6742
30 9416 2383
31 7362 8807
32 5696 1691
33 1929 4603
34 7039 7496
35 8417 918
36 9826 1481
37 8488 8524
38 3678 6038
39 9279 5772
40 4600 9144
41 6237 1293
42 9182 2768
43 942 8520
44 5911 2404
45 5968 9318
46 7390 8097
47 9047 8645
48 1282 5449
49 7374 766
50 6865 359
51 7137 973
52 5480 331
53 6223 8130
54 9048 3408
55 9167 3840
56 751 7199
57 771 6197
58 5869 9573
59 1273 539
60 5935 5938
61 6810 5514
62 3704 7852
63 7156 3506
64 5253 1057
65 8004 7551
66 3831 2259
67 8711 6275
68 4661 608
69 7020 467
70 8973 4155
71 728 6894
72 665 1005
73 9723 9572
74 2805 6059
75 9480 6940
76 218 7376
77 1853 356
78 2523 8421
79 6918 2449
80 450 6692
81 5729 1195
82 4277 5971
83 4317 2659
84 4906 7254
85 6036 9431
86 8524 852
87 4374 6839
88 2154 8746
89 5530 1655
90 9266 4325
91 2001 6113
92 4384 135
93 8739 6696
94 3978 1870
95 3031 3322
96 4618 6263
97 8648 1488
98 7078 5895
99 5348 2597
100 9987 7616
101 5421 1945
102 1881 1797
103 9658 7520
104 5290 7564
105 690 7588
106 3391 239
107 5766 9443
108 4547 5909
109 3644 6624
110 8225 9766
111 6504 1554
112 5634 4921
113 1895 235
114 4448 8744
115 7800 1950
116 6786 752
117 2304 8182
118 7821 6831
119 9080 7525
120 8057 3417
121 5457 6719
122 6456 4345
123 2683 39
124 1547 6330
125 6666 2068
126 426 1754
127 8369 8826
128 5320 134
129 5912 4128
130 2327 440
131 9724 7398
132 7351 5579
133 9246 5341
134 707 6357
135 7764 4189
136 5684 5738
137 8729 8091
138 5012 7944
139 7610 5703
140 5352 9350
141 1048 298
142 6752 5626
143 9556 8088
144 1997 5220
145 4664 9467
146 1963 3996
147 251 1811
148 1022 2333
149 3985 8066
150 5517 8550
151 2667 1818
152 7628 1822
153 3010 172
154 8422 7256
155 7972 7544
156 8793 8053
157 5349 9884
158 913 2235
159 7221 3704
160 9545 1991
161 2099 6069
162 3634 663
163 8099 5986
164 2716 8516
165 3296 694
166 6854 8168
167 1589 6486
168 8715 4415
169 4459 7903
170 4120 8112
171 3397 1639
172 6087 396
173 7724 8410
174 8669 2517
175 7978 7413
176 4329 1392
177 3943 8778
178 7788 3804
179 729 5059
180 9678 2024
181 4299 3622
182 9132 3393
183 5397 7354
184 784 9375
185 2590 5492
186 5484 9945
187 4034 4119
188 2083 3775
189 3371 2612
190 7543 2369
191 7487 6494
192 5915 154
193 1701 3141
194 4486 5067
195 2151 920
196 2495 4655
197 6184 9247
198 6755 1234
199 452 2380
200 3303 8063
201 7828 2501
202 6990 4087
203 7715 9988
204 3993 4969
205 1528 9981
206 2350 3504
207 1795 1197
208 9925 173
209 966 8501
210 7524 8954
211 7061 7012
212 706 1718
213 8123 106
214 8497 2348
215 3680 9599
216 297 1592
217 6957 308
218 9550 8791
219 5321 199
220 8581 5502
221 8376 2494
222 9341 8155
223 970 4350
224 5814 4408
225 1977 3007
226 3975 1051
227 1833 540
228 2444 7411
229 8455 7049
230 8391 9541
231 1608 1064
232 7393 1927
233 9459 3870
234 1691 5623
235 2755 9378
236 2510 2335
237 248 8434
238 1605 9290
239 7180 4910
240 4325 5168
241 1918 2772
242 1563 1042
243 8487 3693
244 7111 5753
245 4317 7361
246 2704 8160
247 5164 1777
248 6948 6681
249 4119 1024
250 5586 9781
251 3862 3426
252 3477 1370
253 7022 6864
254 4334 3717
255 2804 3544
256 3137 699
257 5017 1676
258 1318 8980
259 4540 8898
260 5419 9537
261 9646 3759
262 6002 4745
263 926 7940
264 518 3930
265 2168 2464
266 4522 2015
267 2443 5959
268 4453 4645
269 9560 6524
270 5758 7337
271 9144 4581
272 9479 4711
273 4950 1797
274 8988 5352
275 2281 497
276 8052 915
277 174 8117
278 5870 8949
279 5589 3729
280 5155 8228
281 9925 9827
282 9841 4431
283 9360 6079
284 2442 6598
285 7696 981
286 8140 1214
287 9346 9570
288 6635 8172
289 6708 2990
290 7249 6980
291 9616 3143
292 7477 4686
293 9838 1756
294 7455 2342
295 3251 6642
296 9490 4205
297 629 436
298 3667 3251
299 9230 1878
300 4799 1916
301 8147 3686
302 4754 3909
303 5767 6488
304 8387 8264
305 8860 4546
306 6565 8385
307 6313 2355
308 3656 421
309 2980 9633
310 2863 7002
311 7224 6464
312 478 6381
313 3082 5736
314 8237 8524
315 6898 8332
316 486 9245
317 4337 9033
318 2514 9858
319 3402 3440
320 6441 2787
321 4476 3721
322 2723 5310
323 8766 8028
324 5677 764
325 3701 5028
326 5622 5127
327 1505 294
328 6944 7358
329 7415 1869
330 4482 7834
331 2679 5555
332 1073 4360
333 4832 2741
334 2803 1820
335 2745 5663
336 2415 8894
337 1411 6922
338 886 8154
339 1444 433
340 87 9533
341 8100 5946
342 7338 1006
343 156 9569
344 5398 5960
345 6526 6821
346 4753 9337
347 4393 7411
348 4301 4981
349 1552 5292
350 1355 1703
351 8719 6107
352 9763 2285
353 5389 399
354 2618 5251
355 3134 7658
356 5042 1638
357 1077 1776
358 9874 6578
359 9386 8991
360 3281 4071
361 3260 7389
362 6792 1430
363 6200 5969
364 4075 5577
365 1250 2132
366 5669 2125
367 437 1896
368 8400 5825
369 1038 6156
370 7234 8640
371 2595 4060
372 9444 7446
373 892 9453
374 3575 5883
375 7243 51
376 2095 5594
377 6590 8198
378 7023 9612
379 3832 7389
380 5889 8121
381 5744 1124
382 8923 2866
383 7934 1161
384 4160 7085
385 9407 49
386 4259 136
387 5015 4896
388 1249 3238
389 9175 3680
390 9602 3131
391 2696 6874
392 5133 661
393 955 8480
394 4202 7272
395 8459 2053
396 3329 8314
397 8349 6462
398 4438 9808
399 4326 9630
400 5617 3103
401 3292 7540
402 9340 6670
403 3595 1592
404 7911 1245
405 8385 4254
406 5126 8719
407 5982 8365
408 7368 516
409 1393 616
410 1424 4612
411 6324 3605
412 5140 1528
413 4932 1060
414 5266 1915
415 544 3917
416 3882 2009
417 3899 2916
418 9206 9096
419 5766 3544
420 7040 2751
421 8546 9999
422 6046 9829
423 5908 3951
424 6968 9760
425 7682 7441
426 3173 7678
427 6285 2049
428 1140 8439
429 4838 6247
430 3728 2437
431 5740 3483
432 5345 3952
433 6122 2054
434 5107 4177
435 1766 3148
436 6430 5497
437 7773 7559
438 809 8097
439 3804 9643
440 9428 4383
441 2696 3562
442 8256 2119
443 4816 7362
444 9535 2508
445 1749 4202
446 8711 7135
447 5455 4082
448 580 6146
449 5827 1489
450 6575 1914
451 6453 4238
452 1132 7156
453 6911 8551
454 9578 8746
455 67 8311
456 1332 5090
457 1327 3454
458 9585 4576
459 5442 4702
460 6254 5197
461 3942 9984
462 1453 220
463 2232 8567
464 8187 1662
465 9168 4697
466 6864 2767
467 749 2292
468 133 1015
469 1825 5950
470 4039 3031
471 5109 9587
472 3280 4752
473 5405 4029
474 6626 232
475 4095 7824
476 6080 6348
477 1726 7324
478 469 5897
479 5606 7126
480 4033 9770
481 337 6477
482 6838 6538
483 4134 2191
484 4968 4346
485 1250 817
486 9359 2124
487 9462 600
488 7613 9535
489 8553 7100
490 7227 1805
491 4269 902
492 600 8281
493 19 6489
494 8133 4474
495 9370 7294
496 5324 8670
497 4747 5467
498 4761 9187
499 534 7454