0 7561 3771
1 6616 8946
2 4098 6185
3 3607 8305
4 1133 2563
5 6282 2509
6 4972 1644
7 1671 5869
8 7403 8470
9 8066 8522
10 9416 8905
11 5674 4193
12 1312 9353
13 1597 5092
14 6437 4098
15 3493 2525
16 4702 1272
17 6162 2093
18 138 7473
19 8119 1329
20 3472 9833
21 6652 3165
22 5396 8156
23 8316 3905
24 9669 5749
25 7635 7619
26 4970 3802
27 2960 8916
28 1874 2783
29 4314 1062
30 7399 6248
31 7275 2316
32 7110 1808
33 455 3936
34 1796 2281
35 8850 675
36 1469 2611
37 4297 7797
38 9243 6607
39 6267 4492
40 542 1329
41 1722 3684
42 699 5982
43 1157 9537
44 8619 8978
45 637 9647
46 1349 23
47 2502 6604
48 4607 1315
49 2540 3420
50 6999 4568
51 2513 6513
52 84 4951
53 4726 8994
54 8669 6162
55 3714 4615
56 3415 9407
57 7917 6488
58 2623 9604
59 6567 6343
60 4921 1945
61 3165 9965
62 2633 851
63 5860 993
64 6807 3000
65 9728 1088
66 8731 1966
67 3614 4151
68 6624 242
69 5709 2844
70 8424 3528
71 2322 8555
72 9419 7142
73 5137 2002
74 6718 9793
75 7825 7758
76 453 8877
77 2220 6987
78 3044 1154
79 6706 1032
80 2409 3109
81 1657 4662
82 508 7590
83 9717 2675
84 8982 2654
85 374 5657
86 944 9008
87 5034 8171
88 3242 9963
89 2446 5349
90 821 3611
91 723 4656
92 7774 5687
93 5346 6539
94 9455 5184
95 2568 2484
96 2942 3595
97 4204 421
98 2020 7066
99 6090 6395
100 9090 6329
101 4521 5951
102 8224 329
103 7067 5535
104 3513 3624
105 1409 7040
106 6492 7545
107 2557 2992
108 1664 7388
109 9811 1854
110 9498 9874
111 5113 9104
112 7358 5850
113 7185 7110
114 5615 5367
115 7645 8712
116 2298 5153
117 2948 6578
118 7971 554
119 6470 7456
120 2890 5593
121 4906 5466
122 9156 7893
123 9811 8970
124 4106 2461
125 8212 302
126 6093 7989
127 2982 1998
128 9756 9464
129 518 1377
130 7847 6194
131 2791 5561
132 184 8376
133 4990 9456
134 8015 1477
135 5458 350
136 117 7986
137 7372 7733
138 8428 3547
139 4978 8441
140 9912 4753
141 6222 4926
142 882 9326
143 9560 7877
144 7789 5669
145 2816 7750
146 8796 6287
147 1375 6264
148 5376 7018
149 7425 9190
150 8792 8407
151 3495 3452
152 4633 7726
153 7721 3813
154 4612 2584
155 7428 2945
156 1737 7417
157 5369 6044
158 2102 5173
159 2588 7814
160 2265 6711
161 9140 6393
162 3585 9239
163 1079 8156
164 375 4043
165 5230 8358
166 8064 753
167 9043 2703
168 6031 9067
169 7030 8924
170 911 6611
171 8153 8021
172 2543 4730
173 8226 3898
174 7629 8151
175 9721 1022
176 3196 3357
177 7403 6248
178 3850 1808
179 6551 5911
180 5312 3473
181 1224 382
182 8789 7908
183 6285 6343
184 8734 5406
185 7072 6979
186 6718 3737
187 2853 4808
188 6547 3541
189 8750 2443
190 9013 2163
191 2966 30
192 4867 3353
193 8394 3403
194 3732 9708
195 2540 5883
196 65 4119
197 5978 6876
198 2346 9938
199 4852 1789
200 4698 1317
201 4465 7715
202 4134 4023
203 8960 8464
204 3335 510
205 3174 2722
206 7589 8698
207 3963 6271
208 3652 3586
209 6891 1691
210 4579 4870
211 7417 2377
212 5269 6662
213 4731 2076
214 3741 1831
215 1859 5699
216 1951 2706
217 1345 524
218 6482 3682
219 8214 9627
220 103 4774
221 8971 7363
222 6962 4336
223 572 4174
224 1753 9423
225 9837 6622
226 6295 9549
227 7514 9766
228 3744 840
229 3527 8226
230 3429 8637
231 3534 235
232 4102 2377
233 3406 1156
234 7496 5323
235 7110 2986
236 4042 9555
237 9036 5299
238 5039 7179
239 1899 8954
240 3548 4667
241 2991 2995
242 8691 9623
243 6308 4596
244 5740 860
245 9450 35
246 5284 7946
247 6703 1400
248 6192 5034
249 1934 4677
250 6926 1395
251 8700 8650
252 8626 3621
253 166 1628
254 4163 7787
255 3865 3244
256 9095 6969
257 3040 3947
258 3622 4696
259 8684 7115
260 2115 9990
261 6753 1703
262 1036 4444
263 9947 540
264 6980 2219
265 7958 7412
266 8390 8009
267 5678 3216
268 9956 1175
269 8684 4830
270 368 15
271 7141 5851
272 7402 2743
273 739 4112
274 3858 7231
275 6098 3583
276 6435 9092
277 9132 6039
278 394 8584
279 4651 3687
280 1028 137
281 9035 866
282 9001 2824
283 4467 2255
284 2654 69
285 2837 4243
286 9182 3942
287 5849 9962
288 8543 6918
289 8849 4371
290 1148 8490
291 256 7981
292 898 8202
293 9613 2257
294 7350 1060
295 6370 1699
296 3032 5868
297 9452 246
298 7127 6975
299 5506 3529
300 7676 5840
301 9580 3373
302 867 215
303 1026 4863
304 4188 8841
305 7252 7808
306 5675 8801
307 2080 8612
308 5591 4315
309 9340 486
310 8145 5073
311 7203 3918
312 2753 7297
313 2779 279
314 3902 2284
315 8178 908
316 941 1784
317 1876 4472
318 6133 1276
319 341 7464
320 7806 6198
321 6273 8168
322 3861 5956
323 5497 4674
324 3473 475
325 6374 5038
326 7280 2571
327 7984 165
328 1056 2618
329 6931 8678
330 5500 4701
331 3219 1700
332 4669 9002
333 8164 7725
334 4929 2578
335 842 219
336 1493 7877
337 7580 1179
338 6597 9280
339 3537 6884
340 7235 9445
341 1049 3260
342 1584 8524
343 4670 8046
344 3974 2239
345 4740 365
346 2996 8746
347 8696 3278
348 8890 5997
349 7485 4260
350 9717 9112
351 7614 7791
352 8251 1531
353 918 662
354 5382 1131
355 9015 5917
356 364 8691
357 1465 7866
358 2208 3115
359 392 7539
360 5254 4727
361 2277 5216
362 8346 2992
363 4154 3536
364 6334 5735
365 5020 2483
366 8541 3195
367 3709 9296
368 6571 6893
369 503 2788
370 969 7642
371 1042 6371
372 3252 9123
373 7308 8475
374 8132 6387
375 7982 6244
376 8126 1557
377 8611 1876
378 8116 9194
379 9076 7238
380 9375 8290
381 9555 8055
382 3424 2467
383 2479 9646
384 3000 2290
385 6307 8419
386 2173 83
387 9954 671
388 941 1306
389 6988 5349
390 7784 542
391 2961 8728
392 1487 82
393 2956 1577
394 4522 6492
395 5782 9310
396 1114 692
397 6041 7652
398 4748 2523
399 6824 8534
400 2393 6118
401 6974 9384
402 3225 3865
403 7871 2316
404 7329 9628
405 6601 4
406 1683 9704
407 9385 1888
408 1977 2059
409 9755 2894
410 3392 3855
411 8983 8874
412 9464 9467
413 3529 5672
414 1841 6910
415 8292 795
416 705 623
417 4353 4324
418 7140 411
419 3896 2787
420 4867 7304
421 2201 3469
422 2162 1008
423 3999 2690
424 4464 1941
425 5058 5327
426 1109 721
427 6796 8906
428 8172 1757
429 9181 7706
430 1062 8965
431 9608 2061
432 6939 7476
433 8068 3881
434 6677 8246
435 6509 25
436 910 178
437 5700 6705
438 5098 1766
439 653 752
440 477 5750
441 8245 8970
442 7415 1423
443 8233 7097
444 3506 8020
445 5603 2104
446 7209 507
447 9356 6049
448 8039 250
449 5486 4901
450 2943 6611
451 4304 1347
452 9453 8335
453 7715 4107
454 9711 266
455 6336 4972
456 2323 504
457 5417 6654
458 3424 9418
459 9311 5337
460 9397 1286
461 7361 6791
462 3613 7268
463 7981 3146
464 4277 7475
465 8856 6494
466 2590 7642
467 1921 8876
468 6269 2580
469 6674 1253
470 3726 8216
471 3664 1538
472 6996 6204
473 7039 4792
474 3895 4730
475 9791 99
476 4310 9194
477 2096 4813
478 5282 5403
479 3273 70
480 5868 5512
481 2926 1751
482 2000 102
483 2773 8980
484 3012 545
485 281 9500
486 2546 6819
487 6424 9980
488 5511 812
489 5116 458
490 5290 8595
491 7077 8114
492 8365 2363
493 7 5380
494 5982 3498
495 7363 5171
496 3668 2547
497 4679 8904
498 1361 3492
499 7495 8873