0 373 4953
1 6154 5413
2 5880 5191
3 6599 7707
4 7793 5214
5 6364 9091
6 9229 2557
7 3533 4830
8 926 4313
9 667 8393
10 9264 5496
11 5607 4642
12 7347 7070
13 5563 4278
14 442 4238
15 3334 8605
16 5177 6943
17 7636 756
18 5058 9483
19 9565 7413
20 7475 2405
21 7980 1413
22 7066 7877
23 9993 5554
24 9941 5656
25 3645 1222
26 1345 917
27 769 9368
28 9501 2183
29 5987 3245
30 7346 1199
31 9115 5199
32 4707 3936
33 4004 1359
34 5778 4219
35 3079 7111
36 3457 137
37 7411 8301
38 8213 5735
39 9887 7904
40 4923 9021
41 9694 3867
42 8554 6879
43 4262 5833
44 292 9958
45 3880 21
46 5411 2152
47 5218 1655
48 4748 1028
49 4694 7559
50 6957 1727
51 406 1151
52 4476 895
53 9427 1458
54 3873 5432
55 7824 4574
56 9984 1720
57 9365 5250
58 8206 443
59 3257 8589
60 1282 2093
61 958 1840
62 5668 1368
63 1369 2210
64 2678 9387
65 3328 8535
66 2578 7959
67 6772 5571
68 9693 7859
69 9201 8842
70 4146 1703
71 9255 7539
72 6841 8160
73 2767 75
74 1056 6160
75 3845 2944
76 3706 2922
77 9588 4091
78 3671 4057
79 6684 3000
80 220 9125
81 4015 9206
82 9667 9829
83 381 3666
84 824 6162
85 2834 1187
86 7411 7091
87 5042 4697
88 5011 9255
89 7447 9009
90 1345 145
91 7597 8795
92 3113 6525
93 4818 6781
94 1863 9086
95 6685 739
96 3018 1597
97 4436 2532
98 8687 2639
99 8334 680
100 4154 313
101 5772 6120
102 6924 481
103 8544 6458
104 2879 8558
105 7039 9262
106 7459 8168
107 1630 8988
108 8825 736
109 3823 6109
110 3464 1191
111 6454 70
112 4743 7569
113 9407 2179
114 2036 1349
115 1019 4937
116 1693 4741
117 8029 2992
118 7729 2450
119 5843 5375
120 6878 129
121 715 9675
122 4234 2116
123 7237 1328
124 4639 1811
125 4343 7414
126 845 4495
127 7938 3051
128 1966 9210
129 3813 6400
130 257 7978
131 9612 8247
132 9645 4277
133 317 123
134 1929 2874
135 6684 8804
136 7999 4712
137 1890 169
138 597 3232
139 8227 7936
140 7822 4185
141 6651 5490
142 5572 2926
143 499 5400
144 4983 7029
145 5846 3271
146 9707 6881
147 4576 8868
148 1123 3783
149 7362 8708
150 7165 8710
151 7796 6234
152 8781 5654
153 9574 6365
154 3994 8090
155 9401 6788
156 69 4817
157 2123 9445
158 6537 821
159 8920 5029
160 951 642
161 9867 3837
162 7592 8809
163 7251 2447
164 9647 4038
165 6406 5205
166 447 8305
167 3463 6021
168 9670 1147
169 8437 9586
170 60 5254
171 1496 7645
172 6486 4663
173 927 391
174 9155 8160
175 6361 9926
176 969 2844
177 4580 8603
178 1401 1947
179 5149 9911
180 961 3369
181 7133 9688
182 4331 9685
183 1225 7493
184 7390 9657
185 3554 2074
186 4812 7752
187 1472 859
188 199 8224
189 5249 7865
190 5075 7536
191 3030 1169
192 4658 8411
193 9281 7534
194 6215 2163
195 3242 5006
196 5788 1851
197 1948 9787
198 3115 3061
199 3874 4920
200 9010 4405
201 9041 366
202 1835 3405
203 9377 1855
204 4057 5611
205 8682 1284
206 8901 8939
207 2282 1555
208 7206 3861
209 7080 564
210 7601 3938
211 7285 4553
212 4573 4000
213 6857 3537
214 7158 1448
215 5082 4490
216 3235 4541
217 4091 4895
218 9655 2223
219 2812 5165
220 53 1362
221 5756 7943
222 4897 6292
223 3562 9928
224 6556 4895
225 8878 5919
226 499 4019
227 5165 9863
228 1755 4804
229 7449 6805
230 7283 3486
231 6782 4987
232 4559 3707
233 3919 7021
234 2331 1364
235 214 8440
236 869 6731
237 270 8051
238 5210 1411
239 8012 2438
240 9208 3482
241 2105 2439
242 4943 5468
243 2182 3326
244 1556 3264
245 5530 6014
246 2430 3999
247 3456 4036
248 4869 6043
249 7118 2978
250 2466 2235
251 4845 6293
252 7804 2181
253 8890 7672
254 7459 8687
255 8775 1581
256 2066 2564
257 9470 337
258 2999 3200
259 2533 3840
260 9215 99
261 4883 2282
262 2463 3742
263 4865 5630
264 7884 7075
265 7203 7695
266 6804 4695
267 2201 7083
268 9562 4152
269 4194 5330
270 1274 6307
271 3864 6628
272 6958 172
273 9134 7503
274 8531 7158
275 8468 1576
276 4692 8424
277 8005 7638
278 8318 4787
279 94 6436
280 6774 7680
281 7229 5915
282 1448 8941
283 6760 3137
284 2294 7409
285 5937 395
286 2776 1595
287 3285 9661
288 3231 6296
289 3266 2060
290 5408 8874
291 1795 1500
292 5588 2501
293 6108 5563
294 7421 2318
295 2627 2449
296 2976 5992
297 1311 6591
298 2982 4325
299 2634 3746
300 2941 7974
301 8731 247
302 1711 8254
303 6070 657
304 1134 1575
305 6072 7183
306 2252 3608
307 6622 5119
308 2549 2154
309 4651 7640
310 1461 8369
311 240 9614
312 2113 6145
313 9324 2979
314 6182 6803
315 6282 3423
316 72 7651
317 8164 2812
318 2504 9784
319 3829 4154
320 193 2371
321 8729 1316
322 3466 7697
323 9027 7938
324 390 1618
325 4833 3121
326 2995 2949
327 4900 9687
328 8682 1870
329 7073 4070
330 87 4865
331 5352 689
332 5816 1429
333 4693 1784
334 4273 1543
335 4088 5329
336 1404 6288
337 6744 4059
338 8687 3488
339 1726 1271
340 8817 7897
341 4968 8806
342 1071 5871
343 6222 2557
344 738 5521
345 7255 5522
346 189 3441
347 9942 5433
348 7470 2428
349 6505 9499
350 2085 7849
351 9722 5849
352 8542 2406
353 5662 687
354 6233 2417
355 313 6463
356 8260 4079
357 5282 9557
358 4785 7682
359 7416 2947
360 8679 1317
361 8944 7712
362 1988 7564
363 3187 6423
364 572 774
365 2564 1600
366 4218 2415
367 6881 4578
368 982 9602
369 1689 3678
370 571 4526
371 7516 2123
372 5528 4037
373 460 518
374 4604 8169
375 8774 6915
376 9987 3551
377 8993 2919
378 4730 8274
379 7378 247
380 3921 9093
381 7239 9614
382 4427 8618
383 9107 6397
384 3350 5164
385 5466 7350
386 1925 4711
387 1888 3570
388 6076 6940
389 4174 9723
390 5244 8322
391 5356 9233
392 5202 4329
393 9983 5442
394 4779 4341
395 7288 6966
396 9575 8866
397 1803 678
398 3428 2247
399 5954 2150
400 6507 6731
401 9675 5896
402 9673 1922
403 3063 3485
404 3992 1786
405 6261 9277
406 8606 7158
407 5412 27
408 9486 736
409 1864 7707
410 1865 2136
411 6291 1502
412 7658 2632
413 1931 5233
414 9850 539
415 1610 3754
416 7997 8010
417 1766 757
418 5295 6433
419 6663 36
420 766 8156
421 1515 2196
422 8447 6391
423 7086 3011
424 4081 9456
425 2256 5144
426 3326 1446
427 368 1514
428 6539 3179
429 2561 1292
430 2349 1891
431 7968 7705
432 9527 2262
433 9265 9890
434 8384 1937
435 3131 9386
436 8597 3108
437 7483 7172
438 8370 4093
439 8244 9288
440 9797 5374
441 2401 9013
442 3805 8540
443 9315 5433
444 7227 9015
445 6456 1565
446 9401 6194
447 3430 6849
448 4135 3853
449 9695 9964
450 3716 8759
451 3472 3707
452 9264 5178
453 1824 746
454 6522 4999
455 4707 7952
456 9780 1679
457 1824 5566
458 9406 1209
459 6862 9079
460 7219 4693
461 4221 8379
462 9315 3436
463 8437 2304
464 7179 1864
465 4519 9241
466 8161 8178
467 2044 200
468 9610 4661
469 9636 8312
470 1682 8607
471 7837 1977
472 5608 4326
473 8783 9779
474 5349 9277
475 7362 9769
476 4520 43
477 6852 7791
478 4087 5288
479 6095 9985
480 4368 1910
481 3299 3357
482 2650 3206
483 5131 5132
484 2458 8172
485 7212 9716
486 7753 4001
487 4576 1625
488 6100 1090
489 8656 3331
490 4809 21
491 5738 467
492 9323 4354
493 8155 2212
494 8435 3235
495 931 4134
496 8237 4627
497 555 600
498 807 4246
499 1418 9602