0 6453 2516
1 9629 3100
2 7824 170
3 1176 8944
4 2555 5363
5 5654 7662
6 5266 6064
7 125 5208
8 5307 1566
9 9179 6952
10 4266 6486
11 7901 8539
12 2449 2085
13 6129 1352
14 707 3938
15 1662 7188
16 9216 6739
17 4453 3857
18 6381 2138
19 9701 6375
20 343 488
21 7341 3504
22 424 2228
23 7362 6528
24 7927 6498
25 8607 8086
26 1357 8252
27 2568 1084
28 3999 2644
29 5536 6494
30 6171 8511
31 7680 8126
32 7601 9179
33 1355 5107
34 8846 6088
35 2131 8734
36 9051 767
37 5968 6574
38 7487 2517
39 9233 6374
40 3752 6946
41 3308 494
42 9195 2722
43 7479 8936
44 9750 2608
45 336 8033
46 2686 5649
47 5826 1430
48 5121 2088
49 8362 2132
50 7986 6153
51 3293 2424
52 3730 6282
53 498 803
54 2216 5709
55 7207 1484
56 7951 3811
57 2701 7215
58 1097 5942
59 779 3715
60 1718 8869
61 3579 8710
62 7120 3938
63 3242 2639
64 6171 5511
65 4764 4495
66 6657 2675
67 1487 8843
68 636 3662
69 9804 9725
70 3463 9559
71 6561 2388
72 4592 5234
73 5046 6082
74 8196 5468
75 5158 5703
76 3952 8318
77 4427 834
78 3112 6654
79 1904 9691
80 313 1216
81 752 5045
82 1864 8199
83 5975 8193
84 5144 7201
85 4524 8061
86 9809 9936
87 338 2164
88 6491 8925
89 7649 9122
90 975 5819
91 5961 9243
92 8514 8019
93 7462 5863
94 1176 583
95 3593 1474
96 9953 4475
97 8837 749
98 6041 3948
99 2163 2213
100 4042 8473
101 4976 3091
102 5000 784
103 4358 7994
104 6658 9668
105 5868 355
106 1455 9147
107 9070 2832
108 8035 9155
109 5009 8029
110 1028 7950
111 5805 8848
112 8430 4059
113 3312 5664
114 4850 4467
115 7483 939
116 3874 8793
117 167 9599
118 762 9508
119 2520 7879
120 1774 6814
121 5894 3329
122 7076 4132
123 3074 8692
124 6561 1427
125 7949 2503
126 9633 3815
127 4561 474
128 8793 4725
129 3030 9462
130 8071 5516
131 5980 2551
132 8878 4792
133 756 1227
134 4012 9202
135 38 141
136 7167 5017
137 9232 526
138 733 9668
139 3109 6903
140 6248 7781
141 9663 7777
142 9733 414
143 5076 3735
144 1107 8969
145 5253 6668
146 8233 8695
147 7672 6393
148 7302 84
149 2552 1891
150 3063 3651
151 5067 9208
152 2823 5099
153 3647 5266
154 9041 3004
155 4404 8536
156 9046 1489
157 5582 5170
158 1799 4216
159 7078 7904
160 2862 1069
161 2852 9910
162 4275 9846
163 3862 5387
164 3933 6873
165 2071 5499
166 2965 2502
167 2035 7412
168 7225 4034
169 849 2884
170 2302 4876
171 7234 8957
172 130 2131
173 3817 2243
174 3768 6362
175 475 6630
176 1994 2962
177 5398 5509
178 35 703
179 8482 1504
180 9314 6166
181 2690 5120
182 5308 8129
183 7579 8747
184 5177 1923
185 7436 694
186 3690 6953
187 7904 1692
188 8233 4769
189 4317 7784
190 3944 5751
191 5846 7030
192 8077 8280
193 1962 6637
194 2924 492
195 7664 5825
196 2211 7519
197 3511 1315
198 6178 4854
199 7049 7486
200 9407 4065
201 9134 5212
202 1310 8865
203 7829 8311
204 902 266
205 9417 3465
206 5807 3772
207 6697 3018
208 9640 5907
209 8226 6723
210 7497 1617
211 3159 9088
212 6495 6617
213 7021 3069
214 9467 3615
215 4458 5466
216 9704 3089
217 7599 6478
218 3822 8759
219 4482 2748
220 7767 5611
221 496 5213
222 4970 594
223 807 1535
224 8601 7957
225 5259 3890
226 4808 2010
227 7060 5677
228 4807 430
229 4611 7052
230 8246 4140
231 2100 2591
232 7969 944
233 8930 811
234 1975 3567
235 1140 5459
236 2142 9520
237 7516 1018
238 5823 789
239 4184 864
240 2468 1163
241 5445 5411
242 838 238
243 7079 8916
244 4660 6073
245 846 7551
246 4262 5191
247 3526 381
248 4043 7845
249 9081 4517
250 1750 3632
251 6849 6916
252 8273 8607
253 8752 3739
254 9015 85
255 2035 153
256 8127 2562
257 9854 9636
258 6278 1327
259 7874 4603
260 8361 8166
261 2569 7969
262 9216 783
263 6695 9996
264 3696 9014
265 3746 3907
266 1754 8804
267 6461 5389
268 9897 5886
269 4181 1766
270 4199 8907
271 4147 6784
272 2059 7257
273 3827 8596
274 6063 867
275 1890 2142
276 4547 3252
277 4599 1033
278 6769 3989
279 3591 8197
280 1403 2852
281 2439 6943
282 8359 8273
283 8729 4629
284 7439 9925
285 6597 4247
286 4031 6667
287 7289 2481
288 6869 4983
289 1976 5285
290 8721 1182
291 9044 9052
292 9112 4322
293 4137 1988
294 524 6620
295 4814 663
296 9024 157
297 3586 7278
298 3734 4126
299 4315 2720
300 9639 4323
301 5377 4568
302 2411 1745
303 3430 498
304 1172 1305
305 3625 2542
306 5468 4362
307 4944 7267
308 8594 238
309 9520 2909
310 6459 7859
311 5686 7948
312 385 304
313 6683 2637
314 3220 8906
315 73 5291
316 7737 9441
317 1831 8043
318 702 6073
319 4051 5089
320 9934 3624
321 4185 6441
322 2002 3872
323 1933 6924
324 1810 3446
325 8153 7774
326 8845 7745
327 2712 1203
328 8321 1397
329 7579 6712
330 4858 8059
331 5399 2879
332 7448 9391
333 1289 362
334 6223 6603
335 2742 6724
336 240 1664
337 5196 3122
338 9637 4047
339 9146 3806
340 4331 4911
341 6408 3706
342 3057 2895
343 4001 4003
344 821 672
345 5394 1403
346 9487 6495
347 2649 3545
348 6879 3510
349 9144 323
350 2425 5729
351 3547 6283
352 5688 641
353 9360 4430
354 3325 5262
355 2257 8494
356 7175 4087
357 5096 207
358 2475 9459
359 3318 5973
360 421 5449
361 6558 5729
362 7077 7435
363 2953 4482
364 4800 7379
365 8391 708
366 3191 6915
367 1804 7781
368 647 6373
369 8226 9669
370 8980 7726
371 7334 1513
372 6261 3732
373 848 9374
374 6003 9735
375 779 8099
376 1769 688
377 730 4100
378 9770 3258
379 4055 9548
380 2320 4940
381 6388 5910
382 5635 8534
383 8819 7046
384 7896 647
385 43 5131
386 7875 8224
387 2878 2947
388 1972 4322
389 5624 8666
390 4330 7556
391 9403 2520
392 8791 9315
393 3076 3385
394 3839 3042
395 5728 4360
396 3746 5028
397 3023 591
398 349 7867
399 1961 9344
400 1846 8557
401 9171 9853
402 2368 9075
403 7396 5647
404 9934 2023
405 2318 5197
406 2040 3150
407 1542 5753
408 3181 6577
409 6518 4423
410 8113 6807
411 9479 2865
412 6162 5214
413 2368 7906
414 8419 9644
415 7204 809
416 8557 2595
417 5368 4572
418 2185 1359
419 2703 5598
420 8187 1452
421 1591 7735
422 7608 4857
423 797 1025
424 4513 165
425 1250 3360
426 1323 4942
427 1202 9663
428 7151 4686
429 2847 4998
430 1319 4014
431 1377 6648
432 8442 404
433 3744 3023
434 8519 760
435 9798 3285
436 5418 2607
437 2715 2443
438 1610 2394
439 3125 4203
440 6479 1605
441 4589 448
442 7890 1418
443 7811 6030
444 6073 5751
445 650 5189
446 9228 6991
447 3793 3946
448 4604 2186
449 7602 3579
450 2541 4720
451 3389 6219
452 6041 9498
453 9745 2517
454 9755 8464
455 5653 2992
456 4423 9802
457 7774 1822
458 3146 797
459 1584 429
460 3498 4828
461 8602 8460
462 4386 5831
463 5245 4785
464 9965 8524
465 8045 2327
466 7563 7527
467 8636 3742
468 3090 3970
469 2261 3612
470 5205 9943
471 5642 5548
472 2243 7902
473 3456 5644
474 9767 3475
475 6539 922
476 7376 5952
477 8207 3912
478 8648 8498
479 7946 3828
480 8861 6093
481 2071 5689
482 5422 3254
483 9911 3268
484 9009 1096
485 1738 6302
486 4685 98
487 2721 664
488 1188 7910
489 2796 4704
490 4045 9347
491 4546 9704
492 6084 2725
493 6433 1650
494 2881 72
495 3267 6140
496 145 6201
497 9711 5801
498 7580 2535
499 5040 5959