0 8082 2659
1 5794 1886
2 6571 8067
3 1421 9893
4 2004 288
5 3230 6844
6 4833 7529
7 2640 9498
8 3901 4205
9 8416 9214
10 4958 8900
11 7642 336
12 5341 549
13 8331 9510
14 5644 4482
15 7797 2745
16 8569 7888
17 5557 7701
18 571 2363
19 3288 4710
20 5560 123
21 4779 7523
22 8451 1342
23 3454 9928
24 6494 2955
25 498 7271
26 4921 9952
27 1979 9450
28 6011 4043
29 7289 3784
30 7598 2953
31 8199 5218
32 1417 263
33 2146 3325
34 8738 2662
35 2583 741
36 7454 6880
37 43 8427
38 4256 5082
39 5714 3215
40 3488 5550
41 4762 5731
42 8201 316
43 683 2454
44 4169 2250
45 1948 1940
46 4105 82
47 1955 6456
48 2210 4199
49 9587 516
50 7904 2642
51 7543 8169
52 734 5579
53 8945 866
54 1777 1324
55 4655 2665
56 8869 6523
57 5562 4007
58 1842 4168
59 1422 5346
60 373 6572
61 1497 457
62 9804 6915
63 6596 948
64 8899 3320
65 7592 4919
66 5311 7250
67 728 9244
68 8778 3306
69 4347 6482
70 9844 1012
71 4901 4050
72 7292 393
73 4371 9604
74 7504 2268
75 1197 2790
76 7002 3138
77 89 495
78 185 4661
79 3419 7327
80 3313 1327
81 5057 2869
82 343 275
83 3591 6671
84 6284 2875
85 5492 4374
86 5680 4830
87 3250 430
88 4990 3057
89 9146 779
90 6347 7771
91 9894 2380
92 4666 2713
93 7857 4879
94 1672 6349
95 2014 5454
96 7539 5392
97 891 1903
98 798 6775
99 9069 773
100 8709 8600
101 1750 8869
102 7031 8820
103 6927 7868
104 1074 3344
105 8626 3251
106 9496 1869
107 8623 5811
108 6229 4654
109 3816 4654
110 5836 2875
111 7533 6563
112 1757 1267
113 9115 5542
114 6651 6278
115 51 5890
116 5319 63
117 675 5063
118 4062 5177
119 9784 1216
120 4419 2926
121 3022 7679
122 8340 1283
123 2196 7669
124 3870 6327
125 3317 2530
126 4745 7081
127 7451 5259
128 2489 9108
129 8517 315
130 4687 8676
131 5845 5233
132 8594 9941
133 9721 9655
134 6780 5669
135 8492 9762
136 7700 6871
137 1201 7379
138 259 8175
139 7988 9558
140 3076 6493
141 6159 8249
142 9320 6463
143 9136 289
144 6063 6507
145 9889 3974
146 8750 7552
147 926 3973
148 9085 2969
149 3246 5367
150 4047 7866
151 8545 8258
152 4457 6157
153 6735 3414
154 6148 1863
155 2850 5959
156 4953 5438
157 8884 4312
158 2479 3683
159 4353 909
160 2175 4218
161 2633 2940
162 5267 1871
163 256 6825
164 111 7214
165 4627 1066
166 193 5921
167 7127 3193
168 4479 6332
169 467 3891
170 6631 8303
171 1283 8045
172 4105 7843
173 5420 9106
174 2347 5371
175 816 3482
176 4605 2445
177 6727 1820
178 5339 3016
179 4007 2920
180 9209 5468
181 917 8787
182 9155 760
183 2330 2584
184 5577 5941
185 4640 2385
186 8377 7821
187 9455 7750
188 8581 9173
189 9620 5158
190 2692 9282
191 8326 2833
192 0 2563
193 3997 1594
194 3908 5599
195 3604 7524
196 2934 7295
197 2392 3273
198 4235 7728
199 6039 2495
200 8755 3537
201 8576 4780
202 4864 1681
203 6324 1482
204 5962 8309
205 8052 8775
206 2660 506
207 2067 7555
208 1088 6225
209 2055 9681
210 2101 7814
211 7447 5230
212 9507 1136
213 4552 613
214 7336 9050
215 9069 1921
216 3672 7037
217 3465 6703
218 9159 7948
219 9016 3068
220 9478 8646
221 1678 2438
222 7082 1042
223 6963 6639
224 3719 3889
225 3208 4497
226 462 9
227 7383 8109
228 9744 5191
229 7864 9076
230 6488 5630
231 5146 1525
232 7186 9654
233 9591 9631
234 7649 2970
235 1609 3221
236 6553 6790
237 144 8098
238 8092 6696
239 7477 6051
240 2012 6101
241 5119 4716
242 5468 4047
243 257 499
244 2328 5933
245 8544 4677
246 13 9960
247 8950 6859
248 4197 5187
249 1564 2539
250 8061 3891
251 7541 4663
252 9286 3705
253 2326 1639
254 6290 8796
255 3627 5294
256 8926 5979
257 1457 2629
258 7206 265
259 6525 5521
260 1325 4952
261 5619 4698
262 1217 6244
263 2955 3421
264 2736 6556
265 8067 4981
266 5025 9231
267 2136 7350
268 6588 5049
269 127 127
270 3867 438
271 8132 5194
272 7904 8699
273 1031 5845
274 4703 3140
275 8946 8590
276 5262 3367
277 6009 5100
278 1231 9089
279 9429 4292
280 6458 6526
281 4509 8888
282 2680 9740
283 3981 2782
284 1282 5528
285 6433 4779
286 3047 8200
287 7233 4769
288 7167 7199
289 4601 9079
290 4015 3675
291 5744 2192
292 4839 1952
293 9305 8747
294 5626 8353
295 9936 2724
296 9208 3142
297 2610 878
298 7409 2113
299 2205 8577
300 4062 5854
301 5406 8659
302 2098 1855
303 4863 2371
304 3882 8637
305 9195 3475
306 6467 8347
307 8422 851
308 7703 7645
309 6485 6167
310 7395 2942
311 671 8492
312 1634 6551
313 2790 2338
314 5638 2998
315 7725 2591
316 7205 631
317 930 8272
318 8022 7449
319 4353 982
320 9039 3892
321 2485 5793
322 8129 8045
323 3420 2844
324 1378 6465
325 3578 5887
326 2486 9714
327 4515 8294
328 1897 4255
329 6464 3081
330 6232 9014
331 450 6392
332 2852 6325
333 8267 6956
334 1673 9529
335 2917 9983
336 5607 2176
337 265 5908
338 4264 3404
339 8664 6503
340 8194 1067
341 1629 9429
342 7154 3408
343 9745 7544
344 4521 2059
345 4867 6748
346 125 3181
347 7859 1526
348 2978 8921
349 6908 91
350 5497 8585
351 8722 9153
352 3008 4790
353 2817 1443
354 7700 9827
355 1155 9837
356 9455 1113
357 6685 8927
358 4099 5204
359 2179 3841
360 8760 4522
361 4678 1829
362 8932 7773
363 8401 690
364 8889 9584
365 7546 5903
366 8866 5781
367 1199 9471
368 5145 7495
369 5123 1512
370 9714 435
371 14 2127
372 2357 6673
373 1181 3801
374 8583 8340
375 4038 5732
376 5009 7378
377 3996 4671
378 1417 1953
379 9027 2499
380 6408 6114
381 8869 7660
382 405 4855
383 6037 7415
384 5650 5509
385 6657 5284
386 4879 7260
387 2675 3224
388 2605 5662
389 7054 7348
390 6377 4216
391 1862 8428
392 8397 2430
393 1218 9969
394 2727 3657
395 2127 8845
396 9989 7653
397 8348 939
398 6127 6359
399 3568 6078
400 1535 8720
401 800 8781
402 3839 9488
403 188 8232
404 92 9333
405 8127 3547
406 3013 366
407 9076 9756
408 6644 3145
409 5437 6455
410 1130 5551
411 5705 530
412 7131 4994
413 2530 4270
414 8579 3579
415 8680 79
416 220 5765
417 624 7281
418 4150 1879
419 9231 3608
420 9450 1063
421 6362 6560
422 370 701
423 7806 3134
424 9386 919
425 89 2319
426 4562 9320
427 6696 8986
428 2393 7850
429 2154 7103
430 526 5439
431 8340 9241
432 7970 9673
433 8542 3509
434 2156 4493
435 1719 8639
436 1065 3811
437 3638 6639
438 6101 1704
439 439 8564
440 6768 8214
441 9849 7245
442 5460 1863
443 4704 6826
444 2742 9535
445 2825 2732
446 5642 1058
447 7719 160
448 5162 3306
449 810 8397
450 8803 9642
451 2315 5436
452 7925 7874
453 8365 2096
454 3465 2460
455 4352 2469
456 3022 4384
457 8782 2837
458 4657 3917
459 1283 826
460 6791 2005
461 3622 1415
462 6797 9880
463 9562 5473
464 831 6244
465 1153 4237
466 6333 4308
467 6012 1879
468 4056 7322
469 2809 3111
470 9034 4495
471 2128 8673
472 6625 4754
473 3046 5465
474 8327 5840
475 4541 8365
476 5772 945
477 9617 7375
478 2419 9480
479 6280 8249
480 7713 8472
481 9598 5755
482 5821 3634
483 4100 1798
484 5803 6219
485 4893 1534
486 2405 9937
487 9029 9484
488 4148 8321
489 7120 5602
490 2707 2894
491 7697 9652
492 9479 697
493 3849 2941
494 2393 9114
495 2977 6076
496 8253 7715
497 4818 5535
498 9552 2168
499 2997 9912