0 3386 7032
1 846 9610
2 1123 6476
3 3337 8321
4 8446 1280
5 8127 1641
6 6704 4895
7 9975 1896
8 4466 6385
9 5008 1692
10 4323 2364
11 3264 2949
12 4054 295
13 4377 9678
14 7530 4986
15 6542 7086
16 8450 5501
17 6461 2408
18 2490 6049
19 5026 3893
20 841 7912
21 2312 9888
22 3183 607
23 7723 3510
24 5283 2709
25 2834 8607
26 219 1884
27 1820 7653
28 2289 3635
29 6065 3187
30 3205 2917
31 5735 7276
32 4168 4790
33 1606 4683
34 4082 8334
35 2406 415
36 521 5002
37 4336 3158
38 8488 8681
39 9223 8197
40 5902 6651
41 5611 5647
42 8599 9382
43 3995 8841
44 5896 3760
45 460 8956
46 2486 3009
47 2350 9782
48 8640 8348
49 4229 6940
50 6278 7645
51 5240 8540
52 928 4761
53 3335 5190
54 9857 5403
55 5224 6731
56 3164 5468
57 1067 3830
58 785 383
59 8170 3983
60 6165 5983
61 5439 7192
62 1158 9719
63 1065 4548
64 4051 9515
65 1116 9016
66 3798 7646
67 2897 7880
68 1919 4605
69 8044 7291
70 2968 8721
71 1173 4823
72 3088 9474
73 79 2876
74 346 3263
75 3390 3985
76 3466 9048
77 7061 3882
78 1015 4602
79 2463 5059
80 3600 5912
81 5132 8585
82 5604 3307
83 2102 1182
84 4383 3720
85 6239 6919
86 709 400
87 4792 9233
88 6886 348
89 527 5278
90 1181 2357
91 4925 896
92 2429 2571
93 457 4349
94 4240 790
95 4126 284
96 4615 5616
97 1907 3939
98 687 7728
99 7129 9181
100 2730 4554
101 7247 3417
102 3628 2752
103 1692 6135
104 7627 9756
105 5683 4708
106 5569 4901
107 9067 4244
108 3744 1814
109 9255 96
110 3419 5723
111 4015 3576
112 2448 4196
113 4570 7126
114 2856 832
115 8496 6589
116 8037 6863
117 9434 240
118 2041 1160
119 2746 3782
120 9635 1223
121 4055 2471
122 8144 402
123 6725 5789
124 802 4563
125 1431 8124
126 6402 3848
127 1803 7708
128 2142 43
129 9137 4674
130 1551 3686
131 4576 48
132 1871 925
133 8121 2939
134 3143 5738
135 2566 3444
136 2579 8514
137 7028 4228
138 5795 3983
139 4513 5464
140 9113 4925
141 2077 702
142 1333 4892
143 465 5278
144 4831 5818
145 8752 8732
146 2886 6932
147 3380 1449
148 6683 4958
149 9523 1322
150 4459 114
151 3357 1190
152 9945 7005
153 1360 6117
154 4214 7597
155 4172 2592
156 5427 4774
157 9095 8859
158 8947 6330
159 9120 339
160 6012 298
161 5816 442
162 175 2560
163 1851 8685
164 6775 1536
165 9014 8988
166 8872 1115
167 2649 4419
168 5716 4625
169 4437 8018
170 3993 3868
171 6042 4242
172 9979 449
173 9465 3838
174 6684 3345
175 2482 6530
176 5447 7355
177 5848 3227
178 5177 9548
179 7836 2069
180 1181 9857
181 8371 1529
182 9066 2926
183 5790 8996
184 8815 7813
185 1756 2777
186 9419 7053
187 9579 685
188 3609 7133
189 4001 5943
190 8147 2416
191 6277 2707
192 9857 6949
193 7202 4854
194 3063 4928
195 9686 9020
196 9478 7825
197 3750 8561
198 4633 8906
199 7942 903
200 5849 3166
201 5696 3226
202 7309 7555
203 4658 9231
204 3001 4741
205 5728 2291
206 3421 8724
207 4045 8656
208 3339 7318
209 8003 8328
210 315 7280
211 3362 8429
212 7014 6558
213 6032 4213
214 977 8663
215 2631 5340
216 8565 4657
217 7528 6896
218 7716 8395
219 1209 1917
220 6630 2537
221 855 8607
222 6941 5971
223 1915 8248
224 7974 4715
225 3274 5290
226 4488 4169
227 4481 2405
228 1504 1414
229 8254 7743
230 7547 2468
231 5808 4661
232 355 124
233 9012 3782
234 3089 2326
235 3049 9816
236 7823 7365
237 7714 3074
238 2296 3658
239 1613 833
240 4225 3960
241 4815 9709
242 8786 8453
243 251 5837
244 6646 8211
245 7825 8386
246 8801 8882
247 6143 1979
248 3438 4396
249 8617 7358
250 86 637
251 5485 820
252 7479 6374
253 8105 1286
254 8091 6147
255 2218 7008
256 4677 834
257 2313 3724
258 8431 5307
259 8936 612
260 5526 4254
261 6552 1994
262 7036 9297
263 7369 5524
264 5993 2740
265 2926 8179
266 2982 3174
267 9394 4750
268 2186 3129
269 4637 1206
270 139 4375
271 3654 3299
272 2291 5871
273 2242 3331
274 8833 9350
275 7021 903
276 4885 2258
277 207 6832
278 480 8027
279 6438 9737
280 9009 3360
281 1591 93
282 4088 730
283 587 7427
284 5956 7024
285 4018 6097
286 3132 6325
287 8876 3377
288 8852 2502
289 2971 2376
290 7377 1773
291 6408 6001
292 3035 6496
293 258 3666
294 3971 8896
295 7049 7733
296 220 3229
297 8948 2356
298 5705 4370
299 5021 7577
300 7073 4958
301 8625 8239
302 8250 9458
303 9323 6119
304 1010 4045
305 3858 4940
306 7075 502
307 3220 7938
308 9632 5107
309 733 6431
310 5599 4944
311 374 6298
312 6232 6021
313 8542 5480
314 6328 8887
315 9771 2520
316 311 6758
317 2962 6411
318 7040 1333
319 391 7471
320 2047 9700
321 4588 1703
322 7387 9772
323 3501 336
324 4207 4586
325 5851 1862
326 3690 8632
327 5385 970
328 8742 2274
329 5308 4761
330 7276 8597
331 4199 1716
332 1374 225
333 7675 279
334 1967 2104
335 8670 1856
336 7594 3857
337 8543 9735
338 2442 4677
339 9040 4990
340 5839 7725
341 7503 4695
342 845 7235
343 1611 6597
344 531 6586
345 7248 2312
346 1534 7100
347 2513 9816
348 6234 4606
349 1050 3262
350 3459 5683
351 7637 2160
352 7144 5468
353 8884 4232
354 1543 619
355 9986 2550
356 6028 5867
357 7164 7161
358 6341 6583
359 3685 9559
360 4183 7271
361 1241 1009
362 7700 9622
363 149 4631
364 9560 2586
365 3256 7522
366 3056 7098
367 5952 4808
368 7190 4789
369 8600 3476
370 6746 949
371 5810 470
372 7864 1436
373 8805 8198
374 3717 3051
375 9417 5482
376 818 2751
377 1293 8095
378 5669 9698
379 7401 8774
380 5936 4056
381 9867 5676
382 9246 472
383 3590 1651
384 4403 435
385 7135 6159
386 1672 915
387 3069 7597
388 8958 9989
389 4226 6009
390 3058 7890
391 6938 3827
392 4033 1854
393 4832 9847
394 5676 1672
395 6002 5303
396 9092 8064
397 9305 2007
398 7377 847
399 8603 2081
400 6882 9845
401 5923 3979
402 6750 8895
403 227 1863
404 6855 6333
405 7688 7162
406 3704 1993
407 6886 9252
408 4487 7509
409 4619 4740
410 3929 8523
411 7587 3
412 5144 5276
413 300 3846
414 5138 2116
415 33 9775
416 9391 1884
417 8243 6721
418 8415 1793
419 9547 3144
420 3724 167
421 4478 3592
422 9933 4880
423 8130 820
424 114 8346
425 8613 527
426 6420 8649
427 4264 8668
428 4807 8939
429 1159 6262
430 1409 171
431 4897 5758
432 7535 6075
433 9910 5805
434 6301 2398
435 7483 2287
436 1978 1440
437 3859 7889
438 6760 9771
439 6405 2151
440 3063 201
441 6409 202
442 2661 2969
443 2751 4566
444 8974 5958
445 9529 7982
446 3617 1075
447 7732 1225
448 2098 2492
449 3625 3378
450 8320 5353
451 6995 6859
452 5029 5901
453 8908 6291
454 8331 7901
455 941 8209
456 7111 7909
457 9169 4793
458 456 2374
459 9241 8355
460 7915 1363
461 8196 4267
462 4601 1111
463 2563 2725
464 5379 4652
465 725 1984
466 3206 8445
467 7958 7788
468 3181 7385
469 589 282
470 8001 3374
471 8800 5223
472 7507 9326
473 9234 9405
474 214 7474
475 7989 2378
476 8036 1260
477 2958 7951
478 9716 1064
479 2164 3889
480 842 361
481 7563 3501
482 9599 3041
483 2492 2366
484 6677 2651
485 7149 7534
486 9233 6634
487 5653 4066
488 9029 3474
489 9513 5815
490 8951 3637
491 4864 8549
492 173 1939
493 552 4369
494 3699 8055
495 7484 4999
496 4865 8107
497 3678 920
498 5920 3607
499 5259 5709