0 231 9748
1 5896 1699
2 5022 8992
3 9921 4012
4 9855 5289
5 1198 3891
6 1838 7012
7 7452 5047
8 3715 6349
9 4689 394
10 3266 2975
11 4987 6822
12 2949 7527
13 1105 6242
14 9849 5274
15 1271 6627
16 6723 1126
17 3503 6738
18 2583 8076
19 2902 3388
20 5910 5153
21 3514 2195
22 5915 6115
23 6007 9924
24 9496 1534
25 8494 3164
26 1140 9836
27 9471 8104
28 934 2763
29 7584 2289
30 674 3616
31 1303 812
32 2168 4085
33 2694 7632
34 3633 4562
35 5301 3642
36 4115 9116
37 1983 7239
38 4647 8801
39 2826 7571
40 9625 7961
41 2692 2830
42 2863 5439
43 5171 3695
44 4353 2917
45 3243 3540
46 1427 5155
47 6653 3300
48 6698 6038
49 4406 8703
50 2021 3165
51 815 6543
52 8364 3272
53 5780 6829
54 495 7060
55 3630 7236
56 6330 189
57 9850 3766
58 8787 6659
59 8992 8522
60 2370 5199
61 4888 9782
62 6309 5858
63 1274 9011
64 3931 1661
65 2217 5056
66 5184 7285
67 6983 9530
68 1622 7670
69 1834 6087
70 910 487
71 1711 1962
72 2346 4110
73 7497 427
74 4927 8823
75 6817 4999
76 1007 7793
77 5952 6869
78 4208 5989
79 8763 8558
80 4051 806
81 1929 2204
82 3814 4771
83 8737 3624
84 5437 1986
85 4730 689
86 2558 6142
87 1374 5540
88 9986 6117
89 1843 9642
90 4600 5471
91 4721 6309
92 1399 8286
93 5191 2766
94 2155 9361
95 2126 9200
96 772 6610
97 2011 9939
98 5738 921
99 2746 3167
100 6921 1757
101 1842 6237
102 6929 6422
103 9690 68
104 5587 2944
105 57 1258
106 1187 3791
107 7798 5881
108 5564 1131
109 935 8173
110 7138 2689
111 1639 9625
112 3502 4076
113 5767 3813
114 7862 6631
115 3320 578
116 6668 6443
117 1478 7259
118 2026 3488
119 9912 4672
120 855 5202
121 1878 5794
122 1001 4526
123 4226 6780
124 238 5990
125 6015 4955
126 7350 2660
127 4708 3095
128 2191 5640
129 4641 8028
130 8015 7337
131 7355 4382
132 6026 3587
133 1206 4184
134 2154 977
135 4204 32
136 8637 5129
137 4865 4443
138 4772 1124
139 7938 5451
140 9657 3066
141 1176 5613
142 2698 7707
143 9604 2550
144 5351 8636
145 4121 8936
146 1225 5592
147 9758 9453
148 8022 8308
149 4297 8379
150 3612 2174
151 3472 5098
152 2402 6770
153 5571 589
154 9710 7237
155 4312 7194
156 156 4099
157 7092 2816
158 9880 6073
159 7485 1046
160 8111 9447
161 7508 979
162 9772 9175
163 8801 1696
164 8843 9939
165 6521 3882
166 2724 6825
167 8386 9820
168 8849 4188
169 930 7987
170 2563 5827
171 2484 7586
172 6652 6903
173 8086 6575
174 5786 7107
175 4020 9824
176 2286 3116
177 1652 8773
178 4522 6368
179 7711 9212
180 6272 598
181 7015 2357
182 6398 5539
183 5430 4997
184 2773 8478
185 5485 1137
186 7756 3249
187 6237 995
188 6993 8695
189 8303 6067
190 3492 3583
191 1114 966
192 7998 2951
193 9073 5874
194 9252 4426
195 2146 1501
196 1219 6063
197 3579 3162
198 4872 7095
199 6372 2888
200 1489 7274
201 5368 3175
202 4121 3032
203 8378 2230
204 131 619
205 6864 3841
206 1649 7020
207 4037 1691
208 7605 8080
209 1251 3271
210 9457 1933
211 119 8237
212 3394 6264
213 1781 8653
214 939 2159
215 7279 145
216 7273 2106
217 7757 6175
218 3703 2181
219 1334 7799
220 2731 9707
221 3483 3771
222 2661 8842
223 884 6881
224 6141 6785
225 2954 6618
226 6880 8286
227 5646 2059
228 4619 5540
229 8621 3396
230 2834 6926
231 2649 2502
232 9227 7548
233 2044 150
234 414 1462
235 7577 7130
236 53 9604
237 3401 3806
238 9721 6324
239 8608 7076
240 1706 2327
241 2215 4043
242 7378 2942
243 1081 1027
244 8495 1904
245 2889 3162
246 3905 1634
247 8804 6055
248 4637 9927
249 7105 7765
250 8824 8585
251 7628 2740
252 5652 598
253 346 1751
254 3473 4585
255 1365 3735
256 2372 2737
257 2641 9918
258 7351 7924
259 901 1178
260 9290 7169
261 4463 457
262 1734 7995
263 6271 3134
264 6769 432
265 5470 2983
266 2802 7956
267 1758 3021
268 582 9583
269 6643 1301
270 5582 4913
271 285 2087
272 5861 1628
273 3220 9078
274 6984 8214
275 1623 1213
276 6587 249
277 7564 6790
278 3006 1814
279 7931 6960
280 541 1676
281 2125 5948
282 8226 6083
283 6135 6901
284 1028 2105
285 4013 979
286 4442 8676
287 434 9692
288 1928 9563
289 4915 9964
290 9090 1253
291 613 3133
292 6970 1653
293 8071 9455
294 5208 4402
295 5281 4556
296 5007 899
297 5708 8122
298 3751 4557
299 9584 2366
300 9984 4088
301 3304 1311
302 3079 7910
303 4902 8598
304 4957 6307
305 707 9095
306 7042 4859
307 6143 4065
308 9439 5990
309 320 8085
310 3576 2930
311 174 421
312 6256 777
313 3296 8786
314 202 6617
315 3361 4712
316 6322 5894
317 4541 8450
318 7053 93
319 7784 4029
320 3444 5256
321 7573 9062
322 7955 1303
323 4951 7515
324 4990 3858
325 5432 5025
326 3722 4707
327 2137 3132
328 9602 1309
329 3206 338
330 8422 2674
331 628 6070
332 73 5045
333 2769 4097
334 7275 1527
335 7396 3095
336 1397 5663
337 5785 3790
338 1852 5934
339 42 1082
340 5178 8775
341 8422 7985
342 4143 2277
343 8344 6835
344 3784 7458
345 3930 2817
346 3974 2347
347 9836 8839
348 306 6446
349 9642 7695
350 545 3250
351 4466 8019
352 103 790
353 7158 6648
354 2156 7355
355 166 5414
356 1842 7010
357 499 5063
358 8764 3548
359 8494 3532
360 6332 8527
361 608 8176
362 8467 6252
363 5574 5229
364 7281 4823
365 7802 4684
366 1914 3065
367 3696 5330
368 4319 8284
369 162 656
370 3193 4862
371 5318 8605
372 3620 8755
373 7217 427
374 2676 2452
375 3103 5696
376 9107 2821
377 9216 8874
378 6202 4007
379 1899 5400
380 1616 5358
381 9187 9105
382 5551 5009
383 5852 3871
384 4175 3893
385 6831 8651
386 3017 1552
387 7601 8547
388 8134 9794
389 9824 2224
390 5921 1715
391 2704 5492
392 9124 9268
393 3501 3306
394 5214 4230
395 5863 5353
396 8426 9503
397 9889 1624
398 3733 8032
399 765 8659
400 2012 9867
401 3384 6245
402 6496 2066
403 7390 3729
404 6882 453
405 2270 3032
406 9777 6468
407 3439 5836
408 7071 6726
409 1868 2991
410 7028 4726
411 6688 8463
412 479 7433
413 7033 1286
414 7189 9597
415 3908 9969
416 9856 3911
417 5491 1327
418 3177 9630
419 5731 4560
420 3416 3862
421 3771 6600
422 3894 4746
423 733 4303
424 6289 4974
425 8706 8718
426 5041 3375
427 3440 4465
428 6285 2049
429 6221 6507
430 7959 9605
431 5257 7503
432 3639 5995
433 2125 4772
434 6620 1756
435 8610 8714
436 2840 3832
437 9526 5928
438 9261 3528
439 6497 2794
440 1500 6150
441 2143 2187
442 9993 3841
443 8768 4591
444 8103 8097
445 2580 5877
446 9946 289
447 3077 7699
448 6813 9654
449 9442 6966
450 549 5498
451 620 5188
452 157 4472
453 4174 7278
454 7083 3189
455 8497 8953
456 5524 9766
457 9440 969
458 9315 964
459 8335 5907
460 9436 3283
461 3451 2621
462 4698 217
463 8526 7894
464 1004 7712
465 179 8602
466 5319 5005
467 3285 9928
468 7270 6947
469 3111 2163
470 743 8784
471 5559 7035
472 2724 7252
473 4151 1650
474 1031 2755
475 1927 5333
476 9438 5231
477 2895 8631
478 8694 3311
479 4730 8444
480 4686 4109
481 496 892
482 1226 9736
483 4885 8660
484 6745 3025
485 1861 6758
486 4337 2378
487 4516 1009
488 5258 5529
489 9647 6026
490 2160 4027
491 2709 2399
492 4119 6656
493 47 8648
494 1894 6521
495 8733 8503
496 6967 7535
497 2867 3895
498 2685 7053
499 8810 1027