0 205 428
1 1279 2470
2 9366 3469
3 126 4334
4 581 3270
5 8789 6945
6 3822 4370
7 3397 7335
8 589 1637
9 3031 3651
10 9029 783
11 3568 2447
12 7835 1957
13 730 3953
14 2711 9778
15 5901 8257
16 3161 7472
17 9788 8144
18 628 8437
19 9481 8469
20 5515 3421
21 2871 3406
22 8080 6432
23 3042 4428
24 7835 7752
25 4211 6250
26 3021 5844
27 3169 6144
28 9880 7434
29 7611 6729
30 3820 3043
31 7214 5195
32 4060 7915
33 2989 6959
34 1292 7705
35 9857 4837
36 1237 7305
37 6728 3496
38 794 3659
39 5939 6902
40 4681 3807
41 677 5083
42 8194 9880
43 4327 2230
44 3958 7509
45 2635 6727
46 9554 4397
47 9256 9251
48 518 2759
49 6423 734
50 4067 1152
51 9119 1124
52 1488 4893
53 4627 5143
54 5234 8478
55 5346 6094
56 3341 373
57 6314 8008
58 3363 1954
59 3706 6676
60 441 9778
61 6637 9806
62 4203 4511
63 3983 1824
64 4444 9672
65 9393 5859
66 6175 1752
67 6708 8710
68 3545 6836
69 8982 7814
70 6825 9221
71 3686 3066
72 8297 647
73 4952 2077
74 5466 6356
75 7036 8939
76 4711 2689
77 3 55
78 6168 9722
79 6112 2631
80 6540 370
81 187 6250
82 7637 486
83 932 3487
84 7669 1817
85 1164 9506
86 7354 5176
87 8133 5316
88 8341 8661
89 9463 5713
90 1043 9456
91 4027 8879
92 6500 9105
93 6108 9366
94 286 4529
95 3793 387
96 9020 8174
97 534 3048
98 5088 4586
99 8677 6230
100 4162 4312
101 2017 8299
102 1677 96
103 229 1092
104 8184 6898
105 562 3714
106 6708 1141
107 6488 8230
108 2224 9092
109 708 3921
110 88 3556
111 127 3899
112 2018 3053
113 5674 3541
114 945 5526
115 5290 8878
116 4001 3987
117 2249 7460
118 2009 3432
119 3234 1806
120 9724 5575
121 9421 576
122 8719 4081
123 2863 5627
124 7438 4572
125 2037 8271
126 4472 3827
127 9357 3341
128 1667 1090
129 8243 3037
130 3638 8214
131 9837 3406
132 1279 9001
133 2876 924
134 836 7312
135 5023 4780
136 3546 4460
137 8539 1571
138 7139 3630
139 9106 685
140 4320 7221
141 1680 479
142 8419 2550
143 5316 4069
144 1519 2644
145 388 1796
146 5518 1446
147 2548 2620
148 5432 6285
149 9698 7756
150 4140 8592
151 9057 5034
152 5369 4578
153 3883 3148
154 8488 9562
155 2413 8736
156 6786 2500
157 8384 2167
158 8512 8695
159 4528 6064
160 6229 3008
161 3769 5106
162 6365 5482
163 2467 7083
164 4711 2994
165 5823 4026
166 5245 7723
167 653 2257
168 9114 3102
169 485 4090
170 8032 68
171 5440 5796
172 8006 8699
173 8309 6566
174 6139 4450
175 7756 1033
176 3899 2409
177 1434 2265
178 1451 1165
179 2891 71
180 9049 4720
181 4790 5847
182 6632 1185
183 2866 4504
184 8723 5575
185 7056 3779
186 7792 7298
187 2129 3029
188 7025 1144
189 3697 1155
190 598 3719
191 9981 5698
192 1402 7518
193 6892 415
194 4583 3580
195 1408 2814
196 136 5062
197 8972 5406
198 4207 9776
199 4058 998
200 284 4275
201 2654 3238
202 6321 2511
203 7061 7175
204 5252 8594
205 8996 4879
206 8344 8997
207 9941 7139
208 2453 8030
209 8727 6862
210 101 4335
211 5940 5126
212 9168 4719
213 5812 3282
214 9161 2789
215 2544 9805
216 8606 1464
217 2695 3688
218 7481 4233
219 2583 8498
220 6312 8068
221 6021 3620
222 2244 3752
223 4796 2634
224 4384 7438
225 3195 1209
226 9085 6250
227 7457 8432
228 5965 5081
229 295 5127
230 1146 2789
231 7674 7454
232 2436 9301
233 7843 2925
234 8063 3443
235 5883 8025
236 4651 3964
237 4020 298
238 8714 6296
239 9939 9666
240 4458 9179
241 9293 5479
242 8124 7201
243 6830 1193
244 5738 9379
245 6786 3601
246 5582 7921
247 2313 1728
248 3101 3357
249 9435 2287
250 176 3048
251 3344 7005
252 7703 8893
253 4751 8640
254 8207 9121
255 5012 4160
256 713 7101
257 6715 6353
258 9137 150
259 9974 6120
260 7800 7874
261 7166 6489
262 3258 2220
263 8397 8289
264 9897 5184
265 290 7836
266 8682 6385
267 924 5483
268 2220 9235
269 9122 3574
270 4923 3364
271 327 4304
272 8365 4414
273 263 8212
274 7544 3294
275 6495 1715
276 6885 3559
277 4915 9615
278 4791 6403
279 2985 7837
280 3866 4260
281 4861 6970
282 1139 6987
283 4929 2338
284 2113 7829
285 3307 5194
286 1541 6495
287 8113 9843
288 9105 2729
289 9005 9890
290 313 3632
291 2546 9583
292 5423 8163
293 9832 7147
294 7826 6596
295 7772 4035
296 1729 3599
297 1562 3007
298 5150 2277
299 662 5190
300 291 9777
301 7758 2801
302 2738 7766
303 9852 5599
304 6094 1459
305 1450 5936
306 2060 551
307 1195 6307
308 7368 638
309 4543 4578
310 6642 4991
311 2468 8437
312 4165 2620
313 1972 4068
314 3188 9233
315 977 4516
316 4749 5195
317 1981 6875
318 8556 565
319 5320 7480
320 7985 7305
321 5993 8673
322 9394 4386
323 8255 4900
324 3108 488
325 7188 4099
326 3639 7627
327 4811 9308
328 1089 8626
329 3011 680
330 7134 2940
331 3336 4958
332 778 9688
333 7988 2310
334 9403 6663
335 2215 6090
336 7590 2134
337 323 6225
338 7614 8967
339 4346 396
340 1423 9367
341 6570 7364
342 2892 942
343 2814 3061
344 9632 6030
345 3761 5697
346 1898 8044
347 9678 5900
348 4020 970
349 5120 3493
350 4571 811
351 9587 2518
352 8959 4281
353 9148 4890
354 869 8092
355 4340 1636
356 2854 4591
357 21 3416
358 3047 8291
359 1747 5274
360 4554 6927
361 8973 4870
362 9326 4955
363 458 3544
364 2881 3206
365 5061 4047
366 7889 2743
367 7387 4328
368 6067 6026
369 9428 4196
370 3668 4515
371 2771 5968
372 8912 328
373 4425 3529
374 155 3238
375 5791 3514
376 8694 4371
377 6958 9103
378 4048 3386
379 6167 122
380 1290 1243
381 5291 1619
382 5594 6265
383 3497 8256
384 338 1549
385 6748 427
386 1434 374
387 920 3630
388 8834 1760
389 2989 7186
390 7308 8561
391 6966 7037
392 5063 3452
393 7555 602
394 1209 8285
395 9106 3702
396 4619 7595
397 7965 7176
398 1262 8057
399 2113 9038
400 5514 1804
401 3841 420
402 510 5405
403 1090 2816
404 2493 4460
405 1315 9522
406 9987 7804
407 1998 1850
408 4895 2807
409 9455 8612
410 4609 9853
411 9748 6034
412 653 7519
413 9973 2125
414 1813 7758
415 8220 338
416 1563 3735
417 263 5333
418 3011 9922
419 8496 6161
420 8808 908
421 9654 4218
422 6770 731
423 21 483
424 3997 2038
425 4346 4296
426 238 9612
427 3655 2527
428 9691 5480
429 8278 7883
430 483 6949
431 8078 4785
432 679 6422
433 6158 9744
434 7249 9898
435 5961 8521
436 6004 3179
437 5014 2382
438 6183 5476
439 8777 4991
440 8857 9474
441 7548 8096
442 6792 1457
443 8905 9010
444 1347 2019
445 1163 6667
446 1207 5055
447 8289 7961
448 5346 1109
449 991 4400
450 6576 3511
451 236 7397
452 3399 8709
453 5321 8881
454 8318 2226
455 7596 4053
456 923 311
457 2268 7825
458 1787 2478
459 1436 6960
460 787 4615
461 1444 4324
462 8693 2455
463 1235 7557
464 3059 3449
465 9997 9587
466 8744 7846
467 5833 3475
468 3403 371
469 6947 8718
470 356 4747
471 7218 3638
472 7877 6762
473 7058 4610
474 6514 6562
475 7380 3371
476 343 3
477 5175 9646
478 740 4716
479 938 8737
480 8107 1682
481 5086 2151
482 5219 1646
483 6972 37
484 6544 1830
485 1132 2927
486 4447 829
487 6842 2996
488 1997 2936
489 9804 699
490 5665 6190
491 1944 7866
492 3327 2924
493 1740 3826
494 4548 2806
495 6026 2081
496 5619 1664
497 9510 209
498 140 732
499 9140 9339