0 6382 9340
1 3834 532
2 8841 3284
3 4020 8533
4 272 1758
5 9810 8805
6 2589 8767
7 7097 9683
8 2779 397
9 3160 2798
10 3879 5669
11 4162 2774
12 549 8501
13 3972 8925
14 951 3315
15 1309 3761
16 1851 1818
17 1155 3695
18 764 5867
19 8720 292
20 7853 3694
21 8930 4552
22 8257 1488
23 1861 3079
24 8115 3793
25 2797 6159
26 4959 3313
27 6670 9115
28 6716 2208
29 1120 6436
30 205 7294
31 4448 6046
32 3344 1383
33 90 498
34 7346 6754
35 1097 9890
36 9184 9401
37 2846 8297
38 5338 9280
39 6023 760
40 1780 6625
41 1283 8651
42 7858 2746
43 851 5804
44 3198 2864
45 7830 4678
46 2810 4618
47 3630 3572
48 2472 5126
49 7732 8452
50 1193 5203
51 5508 3681
52 8584 185
53 7113 9805
54 9826 8221
55 9375 9682
56 2071 6314
57 5710 4997
58 6586 7895
59 9073 5706
60 2963 2810
61 8735 8976
62 9621 738
63 4226 3105
64 6832 7516
65 5000 4969
66 1991 6225
67 131 7965
68 6409 9048
69 3701 307
70 1314 8102
71 5720 4135
72 6477 6435
73 9137 4427
74 4212 5025
75 1328 7944
76 8051 2404
77 8388 1806
78 6435 7541
79 1575 2018
80 2343 7465
81 5583 3885
82 3418 7937
83 6693 7761
84 3029 3075
85 4081 952
86 9157 4853
87 340 3763
88 5527 4026
89 4827 6143
90 8481 2187
91 372 6884
92 5620 3982
93 4963 9937
94 9024 1084
95 8000 60
96 7096 2344
97 4063 6025
98 2050 8340
99 7831 1954
100 2482 839
101 9975 5632
102 3685 5813
103 7752 4167
104 8636 7181
105 9285 5633
106 7293 2788
107 7753 947
108 3610 198
109 7222 9888
110 209 8539
111 4996 1086
112 3973 7165
113 1487 3793
114 6413 3362
115 4803 726
116 5700 8527
117 3096 3547
118 3369 8700
119 8039 6367
120 541 9539
121 5665 5451
122 5119 6229
123 5544 3098
124 9774 5206
125 459 7949
126 2111 9961
127 7997 2366
128 8026 2230
129 9376 9266
130 974 3789
131 7619 4274
132 9440 304
133 7183 306
134 2534 5197
135 726 9916
136 6039 9062
137 963 1019
138 837 3912
139 9381 9481
140 4377 3261
141 7640 4776
142 1441 4440
143 8876 2989
144 2041 6213
145 6928 1539
146 1142 2138
147 8163 2389
148 4936 8819
149 1447 7358
150 3237 4250
151 7227 651
152 4380 2094
153 6587 1125
154 2821 9026
155 3992 5973
156 468 4337
157 6691 1828
158 6926 8235
159 5326 732
160 3772 50
161 8545 894
162 7405 9826
163 8678 4807
164 3893 5427
165 1284 9738
166 9834 2437
167 7301 560
168 6674 7832
169 3603 7386
170 9492 9684
171 5793 5425
172 7880 7253
173 1844 4531
174 2475 2414
175 248 5216
176 482 8411
177 6043 1929
178 683 454
179 4521 1799
180 263 3721
181 4689 4403
182 7370 1671
183 9067 130
184 9612 8920
185 1167 459
186 9650 2674
187 1254 83
188 3030 2947
189 8955 6714
190 2907 2561
191 9098 8075
192 520 1730
193 6017 3738
194 6468 1841
195 7838 4023
196 5813 8963
197 1999 1259
198 8172 4530
199 8004 4983
200 6581 9572
201 2817 33
202 9814 8757
203 1816 4990
204 3872 8987
205 4200 7534
206 7892 3020
207 4735 5032
208 2238 6575
209 7544 2054
210 2139 9561
211 5581 9499
212 1576 3835
213 1039 4090
214 3733 2707
215 4523 7562
216 8021 3093
217 189 9375
218 1591 3380
219 7294 4828
220 8383 2838
221 5746 550
222 7770 6795
223 7051 9972
224 6624 6378
225 9852 6784
226 5710 4963
227 7255 2278
228 1835 3289
229 8264 571
230 6177 5761
231 4895 7006
232 6796 8355
233 1524 4240
234 264 4099
235 4589 5623
236 9409 6839
237 9958 1483
238 4177 9319
239 4591 821
240 3704 5989
241 7915 694
242 4336 5269
243 8284 4526
244 9187 1510
245 5890 9260
246 6128 2425
247 6974 6340
248 8565 3372
249 3352 4022
250 7715 2565
251 8745 6375
252 8274 4259
253 6338 6505
254 6566 6758
255 9649 7911
256 1716 7744
257 829 7553
258 1102 4193
259 9423 2589
260 3759 3879
261 9681 44
262 9473 2880
263 306 5118
264 6529 1631
265 7592 6371
266 4770 2492
267 2578 1497
268 5280 844
269 1624 7502
270 528 8667
271 3484 591
272 3852 8977
273 9176 7394
274 5478 4162
275 379 9381
276 1778 6463
277 3709 6553
278 9039 4967
279 7330 251
280 5471 33
281 9077 25
282 3014 1673
283 3502 5866
284 1845 2234
285 7155 6246
286 8019 7216
287 5541 3825
288 8086 9743
289 4509 3136
290 6407 2706
291 4078 237
292 6761 9751
293 8771 4989
294 9639 2678
295 6732 8887
296 54 8447
297 7729 5807
298 4669 9574
299 9368 157
300 9680 7453
301 1232 3101
302 9465 7769
303 3903 6874
304 8480 1804
305 7105 8934
306 7775 1399
307 7526 5975
308 4318 4574
309 5151 1172
310 7627 4697
311 1663 385
312 7755 9040
313 7470 7740
314 7441 3013
315 1394 1804
316 930 4681
317 6718 4200
318 1358 6349
319 1157 1939
320 5139 421
321 1218 7500
322 4371 2487
323 5107 7403
324 3434 7817
325 9316 8811
326 3556 5514
327 8251 8663
328 7492 7625
329 537 2948
330 9726 5652
331 835 4042
332 2401 8655
333 4521 9424
334 8044 351
335 6846 3871
336 5080 3682
337 8230 1339
338 1871 4292
339 2728 7633
340 3375 7886
341 2841 2633
342 9649 4676
343 4585 4967
344 3388 8536
345 4844 1236
346 3029 8794
347 150 1432
348 7885 6872
349 6331 1528
350 3823 3363
351 4068 6318
352 213 1128
353 7233 9617
354 3742 9852
355 4249 1760
356 6402 4768
357 5771 410
358 8319 9108
359 3488 7203
360 9859 9425
361 3363 3758
362 9284 2944
363 9558 1763
364 7376 391
365 1532 101
366 8214 1921
367 7031 1616
368 6980 710
369 887 2865
370 444 3836
371 7774 407
372 4791 4168
373 9814 111
374 2455 4674
375 6406 7444
376 4574 8234
377 5312 9827
378 7906 1029
379 3401 9318
380 7276 2646
381 3716 8480
382 7983 3404
383 8658 9357
384 3973 7786
385 916 8150
386 9961 399
387 2766 915
388 3531 3671
389 8037 4443
390 8617 3634
391 5703 5963
392 4115 8353
393 4851 6984
394 3500 8533
395 6115 985
396 7282 726
397 5446 711
398 1379 5901
399 4392 2849
400 6048 9426
401 9980 7925
402 2850 8643
403 1704 1341
404 4374 4518
405 1214 7155
406 6984 7601
407 8643 464
408 7218 3720
409 3340 7714
410 3739 6746
411 2362 4315
412 4099 4780
413 4675 9933
414 8242 1998
415 47 3157
416 3283 7483
417 2126 1933
418 7123 7790
419 4292 45
420 3726 8364
421 5591 6734
422 5821 4312
423 8315 965
424 4001 7879
425 1129 2340
426 4506 7622
427 5653 7442
428 7699 3476
429 4811 3760
430 5219 4879
431 7986 3981
432 233 5602
433 1988 6642
434 5667 8417
435 2238 7496
436 1246 6684
437 6747 1095
438 2738 1542
439 1620 9993
440 6594 9078
441 7140 1656
442 7103 7134
443 399 5925
444 8275 7540
445 9592 3019
446 633 8471
447 6494 2124
448 9489 7688
449 5494 7857
450 2716 439
451 6682 35
452 841 9610
453 560 1238
454 6442 5557
455 344 3372
456 1169 2319
457 2001 3292
458 8102 540
459 9628 8995
460 3249 8323
461 943 6280
462 8027 4523
463 9852 8160
464 2640 6072
465 321 4766
466 8775 9047
467 2045 1210
468 8511 6401
469 9458 2868
470 6614 8277
471 1304 2963
472 2825 1242
473 1380 9130
474 8337 1577
475 6719 7186
476 7410 8566
477 1589 6614
478 2702 4775
479 8650 4435
480 5040 1212
481 136 2664
482 8024 781
483 3801 1537
484 3992 4727
485 5773 639
486 3575 1298
487 6339 8133
488 6046 6107
489 7470 9500
490 2846 6336
491 5069 301
492 4300 8077
493 6809 8807
494 2920 777
495 7222 3972
496 6660 2007
497 2727 435
498 2587 1151
499 4438 2113