0 4252 3218
1 6522 302
2 6672 3429
3 591 4739
4 3542 8110
5 5164 9074
6 6252 6527
7 901 5786
8 4853 389
9 1718 9290
10 5375 4853
11 2622 856
12 4485 3395
13 2008 5937
14 215 9756
15 4101 4626
16 6713 6189
17 5616 2171
18 5013 2463
19 2610 6492
20 1275 6949
21 5224 860
22 9426 680
23 4286 9049
24 3732 6991
25 5058 8196
26 4424 644
27 7335 1973
28 9744 1087
29 9214 5219
30 8104 3860
31 2882 6711
32 7654 9795
33 4585 6225
34 4937 6162
35 3842 8356
36 2369 6049
37 7296 5110
38 3953 6536
39 1850 8853
40 9902 7743
41 9427 4915
42 3004 4075
43 1939 4573
44 6722 5695
45 9761 9667
46 6597 7754
47 8603 7257
48 7458 3947
49 7161 2444
50 8629 2249
51 1007 2707
52 7298 4996
53 537 7676
54 892 230
55 535 1203
56 7051 4017
57 1016 7685
58 5946 2755
59 7958 1573
60 5095 1988
61 3126 7186
62 2123 187
63 1976 3084
64 6779 8831
65 318 8408
66 1550 360
67 4228 2174
68 4814 9558
69 30 2796
70 1390 5739
71 6457 8062
72 1138 3074
73 5003 2492
74 3938 2836
75 202 3384
76 3179 2529
77 1734 7031
78 87 1819
79 5845 5938
80 4376 2109
81 2591 5927
82 3800 7900
83 4432 1502
84 8702 7241
85 986 9078
86 6931 7726
87 6786 5111
88 9215 8504
89 8285 6797
90 9883 4392
91 9710 5556
92 1546 5757
93 3196 7909
94 5601 2786
95 686 6922
96 2230 1879
97 1772 3278
98 5274 3924
99 1866 1482
100 2549 2600
101 9533 3723
102 3582 2525
103 2072 2510
104 6083 2386
105 6951 8223
106 2192 4559
107 7364 8728
108 8949 6091
109 7419 6146
110 8189 9499
111 6568 8612
112 3970 3891
113 3821 4677
114 5984 8044
115 6450 8358
116 8106 6113
117 852 8507
118 9925 5214
119 645 6820
120 6687 9843
121 2526 3965
122 4473 7047
123 6537 4823
124 5426 1178
125 1349 9720
126 8543 5964
127 1120 9168
128 9798 4694
129 2731 1263
130 692 4847
131 2552 8128
132 6838 7967
133 8096 5922
134 2959 9040
135 6190 3505
136 4730 7790
137 51 7996
138 8380 7966
139 393 65
140 8314 6647
141 1731 1408
142 7465 2792
143 1184 9721
144 8058 5770
145 7912 2971
146 3090 3678
147 7241 6470
148 2395 6588
149 4121 8151
150 8534 8921
151 6778 3003
152 193 7085
153 6837 6876
154 1102 2834
155 6200 90
156 2087 7314
157 8599 2612
158 3911 1043
159 4994 256
160 5994 4824
161 2064 1973
162 4241 984
163 7735 9473
164 2405 9531
165 6895 7396
166 6944 6851
167 585 3608
168 5337 3235
169 3392 1891
170 5496 9525
171 4776 7545
172 7531 3312
173 4101 5828
174 3371 4103
175 9127 8832
176 3778 4112
177 1854 8110
178 1986 8991
179 8240 1726
180 6468 5476
181 3037 4800
182 1721 9946
183 9096 1704
184 3399 3487
185 7179 6395
186 2932 9765
187 4572 9197
188 4807 150
189 9201 6670
190 8725 8563
191 4117 302
192 7599 1051
193 2539 7274
194 8435 8220
195 1933 3426
196 9099 3755
197 334 3774
198 4075 9547
199 373 8412
200 4029 8310
201 3150 7387
202 2504 2025
203 5487 1513
204 2265 4226
205 3280 8622
206 2610 5461
207 2856 3290
208 5647 6065
209 3564 1013
210 8967 5059
211 8611 1455
212 6058 5278
213 6217 7118
214 8542 1946
215 3851 7359
216 4144 2077
217 199 5432
218 5568 263
219 7374 282
220 4399 8777
221 5652 6834
222 1126 8655
223 835 7832
224 2027 7466
225 6594 422
226 6215 5568
227 253 6750
228 5362 2703
229 2936 326
230 6401 4891
231 6666 9420
232 404 6110
233 2299 3923
234 3798 3100
235 3199 1888
236 1546 9059
237 565 4595
238 9921 5461
239 3583 3750
240 3462 5001
241 4833 6742
242 2966 856
243 7841 1241
244 7131 6991
245 4460 9836
246 6191 8853
247 4548 1073
248 3744 6962
249 8084 8200
250 4412 9293
251 3201 7294
252 3203 5061
253 7861 6030
254 7660 6926
255 5029 8368
256 311 2091
257 8013 6489
258 6407 4711
259 385 2543
260 864 561
261 7648 2128
262 6134 4860
263 9351 3638
264 3114 5430
265 6205 7812
266 731 3331
267 9691 6902
268 7366 6373
269 3974 6404
270 3717 4169
271 1918 3343
272 3758 4357
273 1560 8092
274 1434 9303
275 7927 5451
276 2712 6172
277 3298 4200
278 1808 2984
279 4927 5999
280 8645 7896
281 480 7218
282 4095 5708
283 7064 2670
284 1226 7445
285 3377 6435
286 3745 2598
287 4000 295
288 5111 1594
289 565 9259
290 2345 554
291 2480 608
292 5825 5766
293 4973 5791
294 7759 5167
295 9602 7057
296 475 6336
297 2505 1082
298 1772 3695
299 3416 3048
300 4412 2801
301 9863 7278
302 7525 8871
303 3206 4170
304 4227 9470
305 3958 4627
306 6285 8817
307 7255 5230
308 6117 9167
309 9141 644
310 8701 5143
311 7949 583
312 4902 8215
313 722 3176
314 3110 6993
315 6394 6160
316 6376 1100
317 9897 5077
318 3519 1936
319 6432 4071
320 905 7453
321 1888 5003
322 6028 3313
323 58 2631
324 8887 8859
325 5546 8962
326 7096 9043
327 5540 5097
328 9862 328
329 4504 4935
330 3245 1743
331 6384 5821
332 3867 3757
333 6576 8476
334 7309 2428
335 8040 8967
336 901 1832
337 3793 6222
338 3232 8445
339 5863 2549
340 4788 4473
341 2259 3347
342 3697 6537
343 4907 8069
344 2525 9438
345 8495 2868
346 8271 8821
347 7997 3990
348 6720 6374
349 958 6865
350 2651 3582
351 5960 9318
352 2499 9223
353 692 113
354 2217 121
355 4343 7442
356 7464 3471
357 2921 6688
358 4970 702
359 2733 7629
360 1861 5840
361 4381 9470
362 3962 5188
363 7674 625
364 5667 5307
365 975 8411
366 8235 6827
367 8995 3011
368 2588 1104
369 9352 4780
370 5915 7951
371 7443 9008
372 4958 9634
373 928 3800
374 9863 6950
375 1401 5420
376 8484 4164
377 334 9979
378 2016 8359
379 4624 9664
380 6018 113
381 2863 3140
382 9416 1937
383 8701 7535
384 4802 986
385 5153 3032
386 2304 7642
387 8557 6936
388 3520 2202
389 2609 6557
390 2824 7669
391 2760 2378
392 5573 2514
393 5969 8575
394 2424 9156
395 5194 1903
396 8516 6768
397 1039 4577
398 4754 627
399 7159 879
400 8129 8111
401 2091 5015
402 4833 5327
403 5901 5789
404 5403 6277
405 6393 3503
406 3357 5966
407 8495 4975
408 6520 7294
409 5439 4774
410 9777 329
411 4715 8446
412 4925 9395
413 6240 1012
414 6219 2687
415 2334 3101
416 6989 7099
417 238 7105
418 3154 1222
419 3758 6048
420 8031 610
421 690 9247
422 8709 3740
423 9600 4547
424 7318 9642
425 5264 7469
426 2835 2258
427 435 4380
428 1705 4258
429 5754 2368
430 3970 5909
431 7195 217
432 7843 1650
433 1396 3836
434 285 6626
435 9888 8906
436 6822 3451
437 642 7570
438 8681 578
439 6864 1796
440 9976 5019
441 7340 8876
442 2358 4335
443 4692 989
444 2193 7992
445 9994 7957
446 4750 3354
447 3506 9832
448 5875 4417
449 3674 9267
450 1068 8566
451 8992 1757
452 1159 3714
453 6452 6416
454 4537 8848
455 4921 3198
456 964 4102
457 7333 6192
458 7420 5597
459 3779 2772
460 3582 4552
461 9260 4211
462 8417 7503
463 9108 9600
464 3910 2964
465 7821 4615
466 324 1401
467 8902 6712
468 7356 3412
469 633 5858
470 5057 6315
471 6838 4767
472 6875 736
473 9785 3325
474 6647 915
475 4951 7422
476 5246 9536
477 7176 2007
478 7090 9349
479 2837 8104
480 5869 2993
481 825 9984
482 5444 9740
483 869 6703
484 5169 3385
485 5429 7851
486 369 4411
487 8499 6549
488 5768 4312
489 4880 1413
490 4057 2206
491 487 8853
492 1448 3894
493 5435 1200
494 2076 1935
495 1091 5043
496 1281 7815
497 9304 6017
498 6379 6962
499 739 2702